"error","bikesInUsage","electricalBikesInUsage","mechanicalBikesInUsage","dateTime"
0,577,10,567,"2018-10-01 09:33:52"
0,490,2,488,"2018-10-01 12:20:06"
0,607,5,602,"2018-10-01 14:03:19"
0,620,7,613,"2018-10-01 15:05:20"
0,657,11,646,"2018-10-01 15:16:20"
0,776,16,760,"2018-10-02 09:16:20"
0,501,5,496,"2018-10-02 13:32:41"
0,492,5,487,"2018-10-02 13:31:20"
0,617,5,612,"2018-10-02 13:46:21"
0,595,5,590,"2018-10-02 14:01:22"
0,782,6,776,"2018-10-02 14:16:20"
0,716,9,707,"2018-10-02 14:31:22"
0,834,11,823,"2018-10-02 14:46:21"
0,635,6,629,"2018-10-02 15:01:20"
0,741,10,731,"2018-10-02 15:16:20"
0,679,12,667,"2018-10-02 15:31:20"
0,660,10,650,"2018-10-02 15:46:19"
0,556,8,548,"2018-10-02 16:01:21"
0,678,10,668,"2018-10-02 16:16:20"
0,624,11,613,"2018-10-02 16:31:19"
0,1128,12,1116,"2018-10-02 18:31:20"
0,594,12,582,"2018-10-03 09:46:20"
0,544,2,542,"2018-10-03 13:16:20"
0,1064,20,1044,"2018-10-05 08:48:58"
0,359,4,355,"2018-10-05 11:04:35"
0,407,0,407,"2018-10-05 12:04:48"
0,421,3,418,"2018-10-05 12:33:57"
0,455,2,453,"2018-10-05 12:49:10"
0,519,6,513,"2018-10-05 13:30:41"
0,637,3,634,"2018-10-05 13:46:50"
0,766,5,761,"2018-10-05 15:03:33"
0,881,6,875,"2018-10-05 15:08:15"
0,948,6,942,"2018-10-05 15:15:58"
0,608,12,596,"2018-10-05 16:03:21"
0,668,10,658,"2018-10-05 16:14:58"
0,709,12,697,"2018-10-05 16:29:58"
0,677,15,662,"2018-10-05 16:44:57"
0,610,13,597,"2018-10-05 16:59:57"
0,738,11,727,"2018-10-05 17:14:57"
0,770,12,758,"2018-10-05 17:29:57"
0,785,8,777,"2018-10-05 17:44:57"
0,748,8,740,"2018-10-05 17:59:57"
0,880,8,872,"2018-10-05 18:14:57"
0,857,9,848,"2018-10-05 18:29:57"
0,899,7,892,"2018-10-05 18:44:57"
0,824,10,814,"2018-10-05 18:59:57"
0,851,8,843,"2018-10-05 19:14:57"
0,813,9,804,"2018-10-05 19:29:57"
0,798,9,789,"2018-10-05 19:46:18"
0,695,7,688,"2018-10-05 20:01:18"
0,733,11,722,"2018-10-05 20:16:17"
0,645,6,639,"2018-10-05 20:31:18"
0,656,5,651,"2018-10-05 20:46:18"
0,600,7,593,"2018-10-05 21:01:18"
0,617,8,609,"2018-10-05 21:16:17"
0,522,4,518,"2018-10-05 21:31:18"
0,457,4,453,"2018-10-05 21:46:18"
0,398,8,390,"2018-10-05 22:01:17"
0,365,7,358,"2018-10-05 22:16:17"
0,330,2,328,"2018-10-05 22:31:17"
0,345,5,340,"2018-10-05 22:46:17"
0,307,6,301,"2018-10-05 23:01:18"
0,294,6,288,"2018-10-05 23:16:17"
0,314,6,308,"2018-10-05 23:31:17"
0,275,5,270,"2018-10-05 23:46:17"
0,294,3,291,"2018-10-06 00:01:19"
0,323,4,319,"2018-10-06 00:16:17"
0,311,7,304,"2018-10-06 00:31:18"
0,297,5,292,"2018-10-06 00:46:17"
0,254,4,250,"2018-10-06 01:01:17"
0,264,3,261,"2018-10-06 01:16:17"
0,223,4,219,"2018-10-06 01:31:18"
0,246,2,244,"2018-10-06 01:46:19"
0,209,2,207,"2018-10-06 02:01:17"
0,179,5,174,"2018-10-06 02:16:16"
0,188,2,186,"2018-10-06 02:31:17"
0,184,3,181,"2018-10-06 02:46:17"
0,179,3,176,"2018-10-06 03:01:16"
0,156,2,154,"2018-10-06 03:16:17"
0,150,3,147,"2018-10-06 03:31:17"
0,116,3,113,"2018-10-06 03:46:17"
0,89,2,87,"2018-10-06 04:01:16"
0,91,2,89,"2018-10-06 04:16:16"
0,83,2,81,"2018-10-06 04:34:34"
0,67,2,65,"2018-10-06 04:46:16"
0,73,2,71,"2018-10-06 05:01:17"
0,78,4,74,"2018-10-06 05:16:18"
0,76,3,73,"2018-10-06 05:31:18"
0,88,2,86,"2018-10-06 05:46:19"
0,90,2,88,"2018-10-06 06:01:18"
0,88,2,86,"2018-10-06 06:16:19"
0,98,3,95,"2018-10-06 06:31:19"
0,120,3,117,"2018-10-06 06:46:17"
0,82,2,80,"2018-10-06 07:01:18"
0,106,2,104,"2018-10-06 07:16:18"
0,124,2,122,"2018-10-06 07:31:18"
0,146,2,144,"2018-10-06 07:46:18"
0,134,2,132,"2018-10-06 08:01:18"
0,147,3,144,"2018-10-06 08:16:18"
0,185,6,179,"2018-10-06 08:31:19"
0,243,2,241,"2018-10-06 08:46:17"
0,194,2,192,"2018-10-06 09:01:18"
0,215,2,213,"2018-10-06 09:16:18"
0,283,3,280,"2018-10-06 09:31:18"
0,323,4,319,"2018-10-06 09:46:18"
0,288,5,283,"2018-10-06 10:01:18"
0,308,4,304,"2018-10-06 10:16:18"
0,320,5,315,"2018-10-06 10:31:18"
0,341,5,336,"2018-10-06 10:46:18"
0,333,4,329,"2018-10-06 11:01:18"
0,367,5,362,"2018-10-06 11:16:18"
0,393,7,386,"2018-10-06 11:31:18"
0,449,9,440,"2018-10-06 11:46:18"
0,420,6,414,"2018-10-06 12:01:18"
0,435,3,432,"2018-10-06 12:16:18"
0,434,5,429,"2018-10-06 12:31:17"
0,440,10,430,"2018-10-06 12:46:18"
0,428,7,421,"2018-10-06 13:01:18"
0,488,5,483,"2018-10-06 13:16:18"
0,437,5,432,"2018-10-06 13:31:17"
0,456,7,449,"2018-10-06 13:46:18"
0,473,7,466,"2018-10-06 14:01:18"
0,475,6,469,"2018-10-06 14:16:18"
0,454,9,445,"2018-10-06 14:31:17"
0,429,7,422,"2018-10-06 14:46:18"
0,346,5,341,"2018-10-06 15:01:18"
0,362,6,356,"2018-10-06 15:16:18"
0,342,4,338,"2018-10-06 15:31:17"
0,397,7,390,"2018-10-06 15:46:18"
0,353,6,347,"2018-10-06 16:01:18"
0,398,6,392,"2018-10-06 16:16:17"
0,452,5,447,"2018-10-06 16:31:17"
0,469,6,463,"2018-10-06 16:46:17"
0,429,3,426,"2018-10-06 17:01:18"
0,451,6,445,"2018-10-06 17:16:17"
0,472,5,467,"2018-10-06 17:31:17"
0,499,10,489,"2018-10-06 17:46:17"
0,505,16,489,"2018-10-06 18:01:18"
0,524,5,519,"2018-10-06 18:16:17"
0,465,5,460,"2018-10-06 18:31:17"
0,506,5,501,"2018-10-06 18:46:17"
0,524,3,521,"2018-10-06 19:01:18"
0,535,5,530,"2018-10-06 19:16:17"
0,562,5,557,"2018-10-06 19:31:17"
0,535,4,531,"2018-10-06 19:46:17"
0,502,6,496,"2018-10-06 20:01:17"
0,513,11,502,"2018-10-06 20:16:17"
0,475,9,466,"2018-10-06 20:31:18"
0,478,4,474,"2018-10-06 20:46:16"
0,465,4,461,"2018-10-06 21:01:17"
0,465,1,464,"2018-10-06 21:16:17"
0,426,1,425,"2018-10-06 21:31:17"
0,364,1,363,"2018-10-06 21:46:16"
0,348,6,342,"2018-10-06 22:01:17"
0,301,7,294,"2018-10-06 22:16:16"
0,289,5,284,"2018-10-06 22:31:17"
0,273,1,272,"2018-10-06 22:46:16"
0,252,3,249,"2018-10-06 23:01:17"
0,296,4,292,"2018-10-06 23:16:17"
0,265,0,265,"2018-10-06 23:31:17"
0,278,2,276,"2018-10-06 23:46:16"
0,243,3,240,"2018-10-07 00:01:18"
0,312,5,307,"2018-10-07 00:16:17"
0,261,4,257,"2018-10-07 00:31:17"
0,268,2,266,"2018-10-07 00:46:16"
0,208,4,204,"2018-10-07 01:01:17"
0,248,3,245,"2018-10-07 01:16:17"
0,245,2,243,"2018-10-07 01:31:17"
0,191,1,190,"2018-10-07 01:46:16"
0,187,3,184,"2018-10-07 02:01:16"
0,172,4,168,"2018-10-07 02:16:16"
0,166,2,164,"2018-10-07 02:31:16"
0,159,1,158,"2018-10-07 02:46:16"
0,127,0,127,"2018-10-07 03:01:16"
0,143,1,142,"2018-10-07 03:16:16"
0,129,1,128,"2018-10-07 03:31:16"
0,114,4,110,"2018-10-07 03:46:16"
0,92,3,89,"2018-10-07 04:01:17"
0,81,1,80,"2018-10-07 04:16:16"
0,69,0,69,"2018-10-07 04:34:40"
0,80,0,80,"2018-10-07 04:46:16"
0,64,1,63,"2018-10-07 05:01:17"
0,71,2,69,"2018-10-07 05:16:18"
0,78,1,77,"2018-10-07 05:31:18"
0,83,1,82,"2018-10-07 05:46:18"
0,67,0,67,"2018-10-07 06:01:18"
0,89,1,88,"2018-10-07 06:16:18"
0,108,1,107,"2018-10-07 06:31:17"
0,92,0,92,"2018-10-07 06:46:18"
0,71,0,71,"2018-10-07 07:01:19"
0,95,2,93,"2018-10-07 07:16:18"
0,82,1,81,"2018-10-07 07:31:18"
0,114,0,114,"2018-10-07 07:46:18"
0,93,0,93,"2018-10-07 08:01:18"
0,108,0,108,"2018-10-07 08:16:18"
0,111,1,110,"2018-10-07 08:31:18"
0,157,0,157,"2018-10-07 08:46:17"
0,143,0,143,"2018-10-07 09:01:18"
0,141,0,141,"2018-10-07 09:16:17"
0,166,1,165,"2018-10-07 09:31:18"
0,227,1,226,"2018-10-07 09:46:17"
0,199,0,199,"2018-10-07 10:01:18"
0,195,2,193,"2018-10-07 10:16:17"
0,199,0,199,"2018-10-07 10:31:17"
0,227,0,227,"2018-10-07 10:46:18"
0,233,0,233,"2018-10-07 11:01:17"
0,250,1,249,"2018-10-07 11:16:17"
0,250,0,250,"2018-10-07 11:31:18"
0,343,2,341,"2018-10-07 11:46:17"
0,258,3,255,"2018-10-07 12:01:18"
0,267,1,266,"2018-10-07 12:16:17"
0,286,2,284,"2018-10-07 12:31:17"
0,265,2,263,"2018-10-07 12:46:17"
0,176,1,175,"2018-10-07 13:01:17"
0,258,1,257,"2018-10-07 13:16:17"
0,326,6,320,"2018-10-07 13:31:17"
0,342,6,336,"2018-10-07 13:46:17"
0,343,5,338,"2018-10-07 14:01:18"
0,350,1,349,"2018-10-07 14:16:17"
0,377,5,372,"2018-10-07 14:31:17"
0,320,5,315,"2018-10-07 14:46:18"
0,306,4,302,"2018-10-07 15:01:17"
0,302,2,300,"2018-10-07 15:16:17"
0,354,4,350,"2018-10-07 15:31:17"
0,333,4,329,"2018-10-07 15:46:16"
0,308,0,308,"2018-10-07 16:01:17"
0,369,0,369,"2018-10-07 16:16:17"
0,371,4,367,"2018-10-07 16:31:17"
0,410,8,402,"2018-10-07 16:46:16"
0,382,7,375,"2018-10-07 17:01:17"
0,435,7,428,"2018-10-07 17:16:17"
0,412,13,399,"2018-10-07 17:31:17"
0,451,12,439,"2018-10-07 17:46:17"
0,473,11,462,"2018-10-07 18:01:17"
0,452,10,442,"2018-10-07 18:16:17"
0,428,9,419,"2018-10-07 18:31:17"
0,439,8,431,"2018-10-07 18:46:16"
0,407,4,403,"2018-10-07 19:01:17"
0,441,4,437,"2018-10-07 19:16:16"
0,431,2,429,"2018-10-07 19:31:17"
0,420,7,413,"2018-10-07 19:46:17"
0,391,3,388,"2018-10-07 20:01:17"
0,433,3,430,"2018-10-07 20:16:17"
0,398,4,394,"2018-10-07 20:31:16"
0,321,2,319,"2018-10-07 20:46:16"
0,265,2,263,"2018-10-07 21:01:17"
0,218,3,215,"2018-10-07 21:16:16"
0,196,2,194,"2018-10-07 21:31:17"
0,173,1,172,"2018-10-07 21:46:17"
0,162,0,162,"2018-10-07 22:01:17"
0,132,0,132,"2018-10-07 22:16:16"
0,112,1,111,"2018-10-07 22:31:17"
0,169,2,167,"2018-10-07 22:46:16"
0,123,2,121,"2018-10-07 23:01:16"
0,153,4,149,"2018-10-07 23:16:16"
0,122,1,121,"2018-10-07 23:31:16"
0,124,1,123,"2018-10-07 23:46:17"
0,118,2,116,"2018-10-08 00:01:22"
0,145,1,144,"2018-10-08 00:16:17"
0,113,1,112,"2018-10-08 00:31:16"
0,101,1,100,"2018-10-08 00:46:16"
0,86,1,85,"2018-10-08 01:01:17"
0,73,2,71,"2018-10-08 01:16:16"
0,66,0,66,"2018-10-08 01:31:16"
0,55,1,54,"2018-10-08 01:46:16"
0,48,1,47,"2018-10-08 02:01:16"
0,28,1,27,"2018-10-08 02:16:16"
0,22,0,22,"2018-10-08 02:31:17"
0,21,0,21,"2018-10-08 02:46:16"
0,20,0,20,"2018-10-08 03:01:16"
0,20,0,20,"2018-10-08 03:16:15"
0,20,0,20,"2018-10-08 03:31:16"
0,19,0,19,"2018-10-08 03:46:15"
0,18,0,18,"2018-10-08 04:01:16"
0,18,0,18,"2018-10-08 04:16:16"
0,17,0,17,"2018-10-08 04:34:30"
0,17,0,17,"2018-10-08 04:46:15"
0,18,0,18,"2018-10-08 05:01:16"
0,26,0,26,"2018-10-08 05:16:18"
0,44,0,44,"2018-10-08 05:31:17"
0,52,0,52,"2018-10-08 05:46:17"
0,41,0,41,"2018-10-08 06:01:18"
0,58,0,58,"2018-10-08 06:16:17"
0,110,3,107,"2018-10-08 06:31:17"
0,178,2,176,"2018-10-08 06:46:17"
0,176,1,175,"2018-10-08 07:01:17"
0,310,1,309,"2018-10-08 07:16:18"
0,465,3,462,"2018-10-08 07:31:17"
0,814,10,804,"2018-10-08 07:46:17"
0,730,9,721,"2018-10-08 08:01:18"
0,738,10,728,"2018-10-08 08:16:17"
0,793,18,775,"2018-10-08 08:31:17"
0,1017,31,986,"2018-10-08 08:46:17"
0,838,15,823,"2018-10-08 09:01:18"
0,684,13,671,"2018-10-08 09:16:17"
0,553,6,547,"2018-10-08 09:31:18"
0,516,8,508,"2018-10-08 09:46:17"
0,369,0,369,"2018-10-08 10:01:18"
0,362,1,361,"2018-10-08 10:16:17"
0,341,1,340,"2018-10-08 10:31:18"
0,371,2,369,"2018-10-08 10:46:17"
0,303,2,301,"2018-10-08 11:01:17"
0,320,1,319,"2018-10-08 11:16:17"
0,285,0,285,"2018-10-08 11:31:16"
0,354,2,352,"2018-10-08 11:46:17"
0,293,2,291,"2018-10-08 12:01:17"
0,231,3,228,"2018-10-08 12:16:17"
0,221,3,218,"2018-10-08 12:31:17"
0,315,5,310,"2018-10-08 12:46:17"
0,341,3,338,"2018-10-08 13:01:18"
0,388,3,385,"2018-10-08 13:16:17"
0,429,5,424,"2018-10-08 13:31:16"
0,506,2,504,"2018-10-08 13:46:16"
0,519,3,516,"2018-10-08 14:01:17"
0,702,7,695,"2018-10-08 14:16:16"
0,611,9,602,"2018-10-08 14:31:17"
0,669,7,662,"2018-10-08 14:46:16"
0,511,8,503,"2018-10-08 15:01:17"
0,611,9,602,"2018-10-08 15:16:16"
0,535,8,527,"2018-10-08 15:31:17"
0,551,7,544,"2018-10-08 15:46:16"
0,505,3,502,"2018-10-08 16:01:16"
0,578,7,571,"2018-10-08 16:16:16"
0,484,5,479,"2018-10-08 16:31:17"
0,613,7,606,"2018-10-08 16:46:16"
0,510,1,509,"2018-10-08 17:01:17"
0,691,9,682,"2018-10-08 17:16:16"
0,684,13,671,"2018-10-08 17:31:16"
0,756,3,753,"2018-10-08 17:46:16"
0,741,10,731,"2018-10-08 18:01:16"
0,1079,9,1070,"2018-10-08 18:16:16"
0,1051,10,1041,"2018-10-08 18:31:16"
0,993,9,984,"2018-10-08 18:46:16"
0,894,12,882,"2018-10-08 19:01:16"
0,722,6,716,"2018-10-08 19:16:17"
0,546,5,541,"2018-10-08 19:31:16"
0,652,9,643,"2018-10-08 19:46:16"
0,615,9,606,"2018-10-08 20:01:17"
0,637,9,628,"2018-10-08 20:16:15"
0,574,6,568,"2018-10-08 20:31:16"
0,553,6,547,"2018-10-08 20:46:16"
0,562,5,557,"2018-10-08 21:01:17"
0,597,5,592,"2018-10-08 21:16:16"
0,445,3,442,"2018-10-08 21:31:16"
0,403,2,401,"2018-10-08 21:46:16"
0,339,3,336,"2018-10-08 22:01:16"
0,357,0,357,"2018-10-08 22:16:15"
0,266,3,263,"2018-10-08 22:31:16"
0,263,4,259,"2018-10-08 22:46:15"
0,209,4,205,"2018-10-08 23:01:15"
0,218,9,209,"2018-10-08 23:16:16"
0,219,3,216,"2018-10-08 23:31:16"
0,190,5,185,"2018-10-08 23:46:16"
0,187,3,184,"2018-10-09 00:01:18"
0,181,4,177,"2018-10-09 00:16:16"
0,153,1,152,"2018-10-09 00:31:16"
0,123,1,122,"2018-10-09 00:46:15"
0,107,1,106,"2018-10-09 01:01:15"
0,96,0,96,"2018-10-09 01:16:16"
0,87,1,86,"2018-10-09 01:31:15"
0,71,3,68,"2018-10-09 01:46:16"
0,50,1,49,"2018-10-09 02:01:15"
0,23,0,23,"2018-10-09 02:16:15"
0,17,0,17,"2018-10-09 02:31:15"
0,17,0,17,"2018-10-09 02:46:15"
0,17,0,17,"2018-10-09 03:01:15"
0,17,0,17,"2018-10-09 03:16:15"
0,17,0,17,"2018-10-09 03:31:15"
0,17,0,17,"2018-10-09 03:46:15"
0,17,0,17,"2018-10-09 04:01:16"
0,17,0,17,"2018-10-09 04:16:16"
0,17,0,17,"2018-10-09 04:34:37"
0,17,0,17,"2018-10-09 04:46:15"
0,20,0,20,"2018-10-09 05:01:15"
0,34,0,34,"2018-10-09 05:16:17"
0,46,0,46,"2018-10-09 05:31:17"
0,69,0,69,"2018-10-09 05:46:17"
0,47,0,47,"2018-10-09 06:01:17"
0,64,0,64,"2018-10-09 06:16:17"
0,121,0,121,"2018-10-09 06:31:17"
0,185,0,185,"2018-10-09 06:46:17"
0,142,0,142,"2018-10-09 07:01:17"
0,222,0,222,"2018-10-09 07:16:17"
0,442,5,437,"2018-10-09 07:31:17"
0,770,4,766,"2018-10-09 07:46:16"
0,564,10,554,"2018-10-09 08:01:17"
0,387,7,380,"2018-10-09 08:16:17"
0,260,2,258,"2018-10-09 08:31:17"
0,316,3,313,"2018-10-09 08:46:17"
0,264,5,259,"2018-10-09 09:01:16"
0,162,3,159,"2018-10-09 09:16:17"
0,92,0,92,"2018-10-09 09:31:16"
0,102,0,102,"2018-10-09 09:46:16"
0,166,0,166,"2018-10-09 10:01:17"
0,224,2,222,"2018-10-09 10:16:16"
0,267,3,264,"2018-10-09 10:31:16"
0,282,1,281,"2018-10-09 10:46:17"
0,274,2,272,"2018-10-09 11:01:16"
0,322,4,318,"2018-10-09 11:16:16"
0,324,3,321,"2018-10-09 11:31:17"
0,360,2,358,"2018-10-09 11:46:16"
0,313,2,311,"2018-10-09 12:01:16"
0,378,2,376,"2018-10-09 12:16:16"
0,380,1,379,"2018-10-09 12:31:17"
0,470,3,467,"2018-10-09 12:46:16"
0,396,2,394,"2018-10-09 13:01:17"
0,478,5,473,"2018-10-09 13:16:15"
0,436,3,433,"2018-10-09 13:31:16"
0,587,3,584,"2018-10-09 13:46:17"
0,529,5,524,"2018-10-09 14:01:16"
0,745,9,736,"2018-10-09 14:16:16"
0,670,10,660,"2018-10-09 14:31:16"
0,756,11,745,"2018-10-09 14:46:17"
0,610,10,600,"2018-10-09 15:01:16"
0,685,9,676,"2018-10-09 15:16:16"
0,562,11,551,"2018-10-09 15:31:16"
0,606,7,599,"2018-10-09 15:46:16"
0,505,7,498,"2018-10-09 16:01:17"
0,629,6,623,"2018-10-09 16:16:16"
0,555,4,551,"2018-10-09 16:31:17"
0,657,9,648,"2018-10-09 16:46:16"
0,520,7,513,"2018-10-09 17:01:16"
0,715,9,706,"2018-10-09 17:16:16"
0,716,13,703,"2018-10-09 17:31:16"
0,828,11,817,"2018-10-09 17:46:16"
0,799,12,787,"2018-10-09 18:01:16"
0,1026,10,1016,"2018-10-09 18:16:16"
0,985,9,976,"2018-10-09 18:31:16"
0,970,9,961,"2018-10-09 18:46:15"
0,824,16,808,"2018-10-09 19:01:16"
0,890,15,875,"2018-10-09 19:16:16"
0,453,7,446,"2018-10-09 19:31:16"
0,192,4,188,"2018-10-09 19:46:15"
0,100,0,100,"2018-10-09 20:01:16"
0,112,1,111,"2018-10-09 20:16:15"
0,89,0,89,"2018-10-09 20:31:16"
0,116,1,115,"2018-10-09 20:46:15"
0,221,1,220,"2018-10-09 21:01:16"
0,288,2,286,"2018-10-09 21:16:15"
0,197,1,196,"2018-10-09 21:31:15"
0,189,2,187,"2018-10-09 21:46:15"
0,89,2,87,"2018-10-09 22:01:15"
0,58,0,58,"2018-10-09 22:16:15"
0,54,0,54,"2018-10-09 22:31:15"
0,53,1,52,"2018-10-09 22:46:18"
0,68,0,68,"2018-10-09 23:01:17"
0,82,0,82,"2018-10-09 23:16:15"
0,75,2,73,"2018-10-09 23:31:15"
0,78,1,77,"2018-10-09 23:46:15"
0,108,2,106,"2018-10-10 00:01:21"
0,133,1,132,"2018-10-10 00:16:16"
0,101,2,99,"2018-10-10 00:31:15"
0,87,2,85,"2018-10-10 00:46:15"
0,82,1,81,"2018-10-10 01:01:16"
0,71,0,71,"2018-10-10 01:16:15"
0,66,4,62,"2018-10-10 01:31:15"
0,54,2,52,"2018-10-10 01:46:15"
0,56,3,53,"2018-10-10 02:01:16"
0,33,1,32,"2018-10-10 02:16:15"
0,25,0,25,"2018-10-10 02:31:16"
0,23,0,23,"2018-10-10 02:46:15"
0,23,0,23,"2018-10-10 03:01:15"
0,23,0,23,"2018-10-10 03:16:14"
0,23,0,23,"2018-10-10 03:31:15"
0,22,0,22,"2018-10-10 03:46:14"
0,22,0,22,"2018-10-10 04:01:15"
0,22,0,22,"2018-10-10 04:16:15"
0,22,0,22,"2018-10-10 04:34:38"
0,22,0,22,"2018-10-10 04:46:15"
0,24,0,24,"2018-10-10 05:01:15"
0,38,0,38,"2018-10-10 05:16:16"
0,37,0,37,"2018-10-10 05:31:17"
0,51,0,51,"2018-10-10 05:46:16"
0,49,0,49,"2018-10-10 06:01:17"
0,66,0,66,"2018-10-10 06:16:16"
0,98,1,97,"2018-10-10 06:31:17"
0,91,0,91,"2018-10-10 06:46:16"
0,72,0,72,"2018-10-10 07:01:17"
0,105,0,105,"2018-10-10 07:16:16"
0,230,1,229,"2018-10-10 07:31:17"
0,461,7,454,"2018-10-10 07:46:16"
0,525,8,517,"2018-10-10 08:01:17"
0,469,4,465,"2018-10-10 08:16:16"
0,493,8,485,"2018-10-10 08:31:16"
0,482,9,473,"2018-10-10 08:46:16"
0,165,4,161,"2018-10-10 09:01:16"
0,105,1,104,"2018-10-10 09:16:16"
0,99,0,99,"2018-10-10 09:31:17"
0,164,1,163,"2018-10-10 09:46:16"
0,242,2,240,"2018-10-10 10:01:16"
0,250,3,247,"2018-10-10 10:16:15"
0,280,1,279,"2018-10-10 10:31:17"
0,303,2,301,"2018-10-10 10:46:16"
0,317,3,314,"2018-10-10 11:01:16"
0,338,5,333,"2018-10-10 11:16:16"
0,345,4,341,"2018-10-10 11:31:17"
0,400,4,396,"2018-10-10 11:46:16"
0,377,6,371,"2018-10-10 12:01:16"
0,385,3,382,"2018-10-10 12:16:16"
0,435,4,431,"2018-10-10 12:31:15"
0,459,8,451,"2018-10-10 12:46:16"
0,424,6,418,"2018-10-10 13:01:16"
0,467,6,461,"2018-10-10 13:16:16"
0,489,2,487,"2018-10-10 13:31:16"
0,556,4,552,"2018-10-10 13:46:16"
0,519,4,515,"2018-10-10 14:01:16"
0,730,5,725,"2018-10-10 14:16:16"
0,701,10,691,"2018-10-10 14:31:15"
0,744,11,733,"2018-10-10 14:46:16"
0,632,6,626,"2018-10-10 15:01:16"
0,699,5,694,"2018-10-10 15:16:16"
0,629,5,624,"2018-10-10 15:31:16"
0,611,6,605,"2018-10-10 15:46:16"
0,549,3,546,"2018-10-10 16:01:16"
0,678,6,672,"2018-10-10 16:16:15"
0,590,10,580,"2018-10-10 16:31:15"
0,681,8,673,"2018-10-10 16:46:16"
0,537,7,530,"2018-10-10 17:01:15"
0,714,10,704,"2018-10-10 17:16:15"
0,754,11,743,"2018-10-10 17:31:17"
0,820,14,806,"2018-10-10 17:46:15"
0,831,9,822,"2018-10-10 18:01:16"
0,1113,12,1101,"2018-10-10 18:16:15"
0,1077,17,1060,"2018-10-10 18:31:16"
0,1071,13,1058,"2018-10-10 18:46:15"
0,1035,14,1021,"2018-10-10 19:01:16"
0,1047,14,1033,"2018-10-10 19:16:15"
0,943,17,926,"2018-10-10 19:31:15"
0,924,18,906,"2018-10-10 19:46:16"
0,725,17,708,"2018-10-10 20:01:15"
0,827,10,817,"2018-10-10 20:16:16"
0,682,9,673,"2018-10-10 20:31:15"
0,625,3,622,"2018-10-10 20:46:15"
0,508,4,504,"2018-10-10 21:01:16"
0,368,1,367,"2018-10-10 21:16:15"
0,160,0,160,"2018-10-10 21:31:15"
0,115,1,114,"2018-10-10 21:46:15"
0,116,0,116,"2018-10-10 22:01:15"
0,190,1,189,"2018-10-10 22:16:14"
0,184,1,183,"2018-10-10 22:31:15"
0,198,3,195,"2018-10-10 22:46:14"
0,198,3,195,"2018-10-10 23:01:15"
0,250,6,244,"2018-10-10 23:16:15"
0,220,7,213,"2018-10-10 23:31:15"
0,208,4,204,"2018-10-10 23:46:14"
0,189,3,186,"2018-10-11 00:01:18"
0,250,5,245,"2018-10-11 00:16:15"
0,192,4,188,"2018-10-11 00:31:15"
0,152,1,151,"2018-10-11 00:46:15"
0,121,0,121,"2018-10-11 01:01:16"
0,97,0,97,"2018-10-11 01:16:18"
0,90,0,90,"2018-10-11 01:31:14"
0,69,2,67,"2018-10-11 01:46:15"
0,81,1,80,"2018-10-11 02:01:15"
0,30,0,30,"2018-10-11 02:16:15"
0,22,0,22,"2018-10-11 02:31:14"
0,19,0,19,"2018-10-11 02:46:15"
0,19,0,19,"2018-10-11 03:01:15"
0,17,0,17,"2018-10-11 03:16:14"
0,16,0,16,"2018-10-11 03:31:15"
0,16,0,16,"2018-10-11 03:46:14"
0,15,0,15,"2018-10-11 04:01:15"
0,15,0,15,"2018-10-11 04:16:14"
0,15,0,15,"2018-10-11 04:34:36"
0,15,0,15,"2018-10-11 04:46:14"
0,18,0,18,"2018-10-11 05:01:15"
0,34,0,34,"2018-10-11 05:16:16"
0,47,0,47,"2018-10-11 05:31:16"
0,71,0,71,"2018-10-11 05:46:16"
0,56,0,56,"2018-10-11 06:01:16"
0,71,1,70,"2018-10-11 06:16:16"
0,141,1,140,"2018-10-11 06:31:17"
0,191,0,191,"2018-10-11 06:46:16"
0,196,1,195,"2018-10-11 07:01:16"
0,313,1,312,"2018-10-11 07:16:16"
0,496,5,491,"2018-10-11 07:31:16"
0,855,13,842,"2018-10-11 07:46:16"
0,726,11,715,"2018-10-11 08:01:15"
0,769,11,758,"2018-10-11 08:16:15"
0,899,10,889,"2018-10-11 08:31:16"
0,1106,29,1077,"2018-10-11 08:46:15"
0,885,17,868,"2018-10-11 09:01:16"
0,732,11,721,"2018-10-11 09:16:16"
0,530,6,524,"2018-10-11 09:31:16"
0,554,8,546,"2018-10-11 09:46:15"
0,419,3,416,"2018-10-11 10:01:16"
0,415,5,410,"2018-10-11 10:16:15"
0,378,2,376,"2018-10-11 10:31:16"
0,374,3,371,"2018-10-11 10:46:15"
0,390,2,388,"2018-10-11 11:01:16"
0,395,3,392,"2018-10-11 11:16:15"
0,403,2,401,"2018-10-11 11:31:16"
0,514,5,509,"2018-10-11 11:46:15"
0,466,0,466,"2018-10-11 12:01:16"
0,467,0,467,"2018-10-11 12:16:16"
0,478,0,478,"2018-10-11 12:31:15"
0,494,7,487,"2018-10-11 12:46:15"
0,467,4,463,"2018-10-11 13:01:15"
0,534,5,529,"2018-10-11 13:16:15"
0,568,6,562,"2018-10-11 13:31:15"
0,639,8,631,"2018-10-11 13:46:15"
0,607,7,600,"2018-10-11 14:01:15"
0,742,7,735,"2018-10-11 14:16:15"
0,669,12,657,"2018-10-11 14:31:15"
0,810,12,798,"2018-10-11 14:46:17"
0,655,2,653,"2018-10-11 15:01:15"
0,706,5,701,"2018-10-11 15:16:15"
0,618,5,613,"2018-10-11 15:31:16"
0,640,5,635,"2018-10-11 15:46:15"
0,559,5,554,"2018-10-11 16:01:16"
0,678,3,675,"2018-10-11 16:16:14"
0,586,9,577,"2018-10-11 16:31:15"
0,659,8,651,"2018-10-11 16:46:14"
0,561,8,553,"2018-10-11 17:01:15"
0,726,16,710,"2018-10-11 17:16:15"
0,686,13,673,"2018-10-11 17:31:16"
0,808,12,796,"2018-10-11 17:46:15"
0,804,8,796,"2018-10-11 18:01:15"
0,977,12,965,"2018-10-11 18:16:14"
0,949,16,933,"2018-10-11 18:31:15"
0,902,12,890,"2018-10-11 18:46:14"
0,821,15,806,"2018-10-11 19:01:16"
0,907,12,895,"2018-10-11 19:16:14"
0,870,12,858,"2018-10-11 19:31:15"
0,810,12,798,"2018-10-11 19:46:15"
0,722,13,709,"2018-10-11 20:01:14"
0,744,23,721,"2018-10-11 20:16:14"
0,627,8,619,"2018-10-11 20:31:15"
0,619,3,616,"2018-10-11 20:46:14"
0,581,8,573,"2018-10-11 21:01:15"
0,631,10,621,"2018-10-11 21:16:14"
0,548,7,541,"2018-10-11 21:31:15"
0,477,3,474,"2018-10-11 21:46:15"
0,413,6,407,"2018-10-11 22:01:14"
0,398,5,393,"2018-10-11 22:16:14"
0,327,3,324,"2018-10-11 22:31:15"
0,345,3,342,"2018-10-11 22:46:15"
0,296,3,293,"2018-10-11 23:01:14"
0,346,4,342,"2018-10-11 23:16:14"
0,323,3,320,"2018-10-11 23:31:15"
0,294,6,288,"2018-10-11 23:46:14"
0,262,4,258,"2018-10-12 00:01:19"
0,284,9,275,"2018-10-12 00:16:14"
0,293,5,288,"2018-10-12 00:31:14"
0,242,0,242,"2018-10-12 00:46:13"
0,246,0,246,"2018-10-12 01:01:14"
0,232,1,231,"2018-10-12 01:16:14"
0,175,0,175,"2018-10-12 01:31:20"
0,155,1,154,"2018-10-12 01:46:14"
0,176,2,174,"2018-10-12 02:01:14"
0,163,3,160,"2018-10-12 02:16:14"
0,131,1,130,"2018-10-12 02:31:14"
0,112,3,109,"2018-10-12 02:46:14"
0,129,1,128,"2018-10-12 03:01:15"
0,124,1,123,"2018-10-12 03:16:14"
0,113,2,111,"2018-10-12 03:31:14"
0,112,0,112,"2018-10-12 03:46:14"
0,103,0,103,"2018-10-12 04:01:14"
0,105,0,105,"2018-10-12 04:16:14"
0,90,0,90,"2018-10-12 04:34:36"
0,85,0,85,"2018-10-12 04:46:14"
0,79,0,79,"2018-10-12 05:01:14"
0,87,2,85,"2018-10-12 05:16:16"
0,87,2,85,"2018-10-12 05:31:16"
0,107,0,107,"2018-10-12 05:46:15"
0,97,0,97,"2018-10-12 06:01:16"
0,100,2,98,"2018-10-12 06:16:16"
0,110,0,110,"2018-10-12 06:31:17"
0,111,0,111,"2018-10-12 06:46:16"
0,78,0,78,"2018-10-12 07:01:16"
0,100,1,99,"2018-10-12 07:16:16"
0,136,0,136,"2018-10-12 07:31:15"
0,171,1,170,"2018-10-12 07:46:16"
0,132,0,132,"2018-10-12 08:01:17"
0,153,2,151,"2018-10-12 08:16:16"
0,191,5,186,"2018-10-12 08:31:15"
0,275,4,271,"2018-10-12 08:46:15"
0,189,3,186,"2018-10-12 09:01:15"
0,220,3,217,"2018-10-12 09:16:15"
0,236,3,233,"2018-10-12 09:31:15"
0,247,1,246,"2018-10-12 09:46:15"
0,228,0,228,"2018-10-12 10:01:16"
0,235,1,234,"2018-10-12 10:16:15"
0,249,1,248,"2018-10-12 10:31:15"
0,299,4,295,"2018-10-12 10:46:16"
0,272,3,269,"2018-10-12 11:01:15"
0,275,3,272,"2018-10-12 11:16:16"
0,291,4,287,"2018-10-12 11:31:15"
0,325,1,324,"2018-10-12 11:46:15"
0,334,0,334,"2018-10-12 12:01:15"
0,351,1,350,"2018-10-12 12:16:15"
0,290,3,287,"2018-10-12 12:31:15"
0,322,3,319,"2018-10-12 12:46:15"
0,318,5,313,"2018-10-12 13:01:15"
0,346,7,339,"2018-10-12 13:16:15"
0,380,6,374,"2018-10-12 13:31:15"
0,418,6,412,"2018-10-12 13:46:15"
0,367,3,364,"2018-10-12 14:01:15"
0,414,5,409,"2018-10-12 14:16:15"
0,363,3,360,"2018-10-12 14:31:15"
0,345,5,340,"2018-10-12 14:46:14"
0,299,3,296,"2018-10-12 15:01:15"
0,324,4,320,"2018-10-12 15:16:14"
0,326,5,321,"2018-10-12 15:31:15"
0,298,5,293,"2018-10-12 15:46:14"
0,309,3,306,"2018-10-12 16:01:15"
0,381,3,378,"2018-10-12 16:16:14"
0,392,3,389,"2018-10-12 16:31:15"
0,390,6,384,"2018-10-12 16:46:14"
0,374,6,368,"2018-10-12 17:01:15"
0,395,3,392,"2018-10-12 17:16:14"
0,409,1,408,"2018-10-12 17:31:15"
0,450,5,445,"2018-10-12 17:46:14"
0,377,6,371,"2018-10-12 18:01:14"
0,457,4,453,"2018-10-12 18:16:14"
0,448,3,445,"2018-10-12 18:31:14"
0,472,4,468,"2018-10-12 18:46:13"
0,450,6,444,"2018-10-12 19:01:14"
0,467,6,461,"2018-10-12 19:16:14"
0,473,6,467,"2018-10-12 19:31:14"
0,514,7,507,"2018-10-12 19:46:15"
0,447,8,439,"2018-10-12 20:01:15"
0,434,6,428,"2018-10-12 20:16:15"
0,415,6,409,"2018-10-12 20:31:14"
0,389,7,382,"2018-10-12 20:46:15"
0,363,1,362,"2018-10-12 21:01:14"
0,386,1,385,"2018-10-12 21:16:15"
0,341,0,341,"2018-10-12 21:31:13"
0,288,4,284,"2018-10-12 21:46:14"
0,290,4,286,"2018-10-12 22:01:14"
0,295,4,291,"2018-10-12 22:16:14"
0,248,1,247,"2018-10-12 22:31:13"
0,221,1,220,"2018-10-12 22:46:14"
0,217,2,215,"2018-10-12 23:01:14"
0,249,3,246,"2018-10-12 23:16:14"
0,247,4,243,"2018-10-12 23:31:14"
0,235,4,231,"2018-10-12 23:46:14"
0,233,3,230,"2018-10-13 00:01:22"
0,255,6,249,"2018-10-13 00:16:14"
0,219,5,214,"2018-10-13 00:31:14"
0,205,6,199,"2018-10-13 00:46:13"
0,222,3,219,"2018-10-13 01:01:14"
0,207,1,206,"2018-10-13 01:16:13"
0,187,0,187,"2018-10-13 01:31:14"
0,167,1,166,"2018-10-13 01:46:13"
0,136,0,136,"2018-10-13 02:01:14"
0,139,2,137,"2018-10-13 02:16:14"
0,136,5,131,"2018-10-13 02:31:14"
0,132,1,131,"2018-10-13 02:46:13"
0,136,2,134,"2018-10-13 03:01:14"
0,128,3,125,"2018-10-13 03:16:13"
0,97,0,97,"2018-10-13 03:31:14"
0,95,0,95,"2018-10-13 03:46:13"
0,88,0,88,"2018-10-13 04:01:14"
0,75,0,75,"2018-10-13 04:16:14"
0,62,1,61,"2018-10-13 04:34:40"
0,62,0,62,"2018-10-13 04:46:13"
0,59,0,59,"2018-10-13 05:01:14"
0,71,0,71,"2018-10-13 05:16:15"
0,57,0,57,"2018-10-13 05:31:15"
0,76,1,75,"2018-10-13 05:46:15"
0,63,1,62,"2018-10-13 06:01:15"
0,87,0,87,"2018-10-13 06:16:15"
0,81,0,81,"2018-10-13 06:31:16"
0,84,0,84,"2018-10-13 06:46:15"
0,71,0,71,"2018-10-13 07:01:15"
0,91,0,91,"2018-10-13 07:16:15"
0,105,1,104,"2018-10-13 07:31:15"
0,119,2,117,"2018-10-13 07:46:14"
0,88,1,87,"2018-10-13 08:01:15"
0,104,1,103,"2018-10-13 08:16:15"
0,118,2,116,"2018-10-13 08:31:15"
0,181,1,180,"2018-10-13 08:46:14"
0,145,0,145,"2018-10-13 09:01:15"
0,141,2,139,"2018-10-13 09:16:14"
0,182,0,182,"2018-10-13 09:31:15"
0,240,1,239,"2018-10-13 09:46:15"
0,181,1,180,"2018-10-13 10:01:14"
0,215,1,214,"2018-10-13 10:16:14"
0,202,1,201,"2018-10-13 10:31:15"
0,229,1,228,"2018-10-13 10:46:14"
0,242,0,242,"2018-10-13 11:01:14"
0,297,1,296,"2018-10-13 11:16:14"
0,276,2,274,"2018-10-13 11:31:14"
0,328,3,325,"2018-10-13 11:46:14"
0,316,1,315,"2018-10-13 12:01:16"
0,352,1,351,"2018-10-13 12:16:15"
0,292,2,290,"2018-10-13 12:31:14"
0,213,2,211,"2018-10-13 12:46:15"
0,205,3,202,"2018-10-13 13:01:16"
0,213,0,213,"2018-10-13 13:16:14"
0,244,0,244,"2018-10-13 13:31:15"
0,261,0,261,"2018-10-13 13:46:14"
0,208,1,207,"2018-10-13 14:01:15"
0,152,1,151,"2018-10-13 14:16:14"
0,108,3,105,"2018-10-13 14:31:14"
0,71,1,70,"2018-10-13 14:46:14"
0,78,0,78,"2018-10-13 15:01:14"
0,107,1,106,"2018-10-13 15:16:13"
0,151,1,150,"2018-10-13 15:31:14"
0,212,2,210,"2018-10-13 15:46:14"
0,209,0,209,"2018-10-13 16:01:15"
0,254,2,252,"2018-10-13 16:16:14"
0,297,2,295,"2018-10-13 16:31:15"
0,343,1,342,"2018-10-13 16:46:14"
0,321,0,321,"2018-10-13 17:01:14"
0,348,4,344,"2018-10-13 17:16:14"
0,326,3,323,"2018-10-13 17:31:14"
0,364,1,363,"2018-10-13 17:46:13"
0,354,2,352,"2018-10-13 18:01:14"
0,369,3,366,"2018-10-13 18:16:13"
0,402,3,399,"2018-10-13 18:31:14"
0,401,5,396,"2018-10-13 18:46:15"
0,422,3,419,"2018-10-13 19:01:14"
0,406,2,404,"2018-10-13 19:16:14"
0,441,6,435,"2018-10-13 19:31:14"
0,468,8,460,"2018-10-13 19:46:14"
0,399,4,395,"2018-10-13 20:01:14"
0,381,5,376,"2018-10-13 20:16:14"
0,379,3,376,"2018-10-13 20:31:14"
0,385,3,382,"2018-10-13 20:46:13"
0,344,3,341,"2018-10-13 21:01:14"
0,392,4,388,"2018-10-13 21:16:13"
0,313,1,312,"2018-10-13 21:31:14"
0,276,3,273,"2018-10-13 21:46:14"
0,244,1,243,"2018-10-13 22:01:14"
0,272,4,268,"2018-10-13 22:16:14"
0,231,4,227,"2018-10-13 22:31:13"
0,172,1,171,"2018-10-13 22:46:13"
0,198,0,198,"2018-10-13 23:01:14"
0,247,0,247,"2018-10-13 23:16:13"
0,217,2,215,"2018-10-13 23:31:13"
0,226,2,224,"2018-10-13 23:46:13"
0,231,2,229,"2018-10-14 00:01:17"
0,257,2,255,"2018-10-14 00:16:13"
0,217,3,214,"2018-10-14 00:31:13"
0,216,5,211,"2018-10-14 00:46:13"
0,218,5,213,"2018-10-14 01:01:13"
0,198,3,195,"2018-10-14 01:16:13"
0,198,3,195,"2018-10-14 01:31:14"
0,151,3,148,"2018-10-14 01:46:13"
0,141,1,140,"2018-10-14 02:01:16"
0,153,2,151,"2018-10-14 02:16:13"
0,122,1,121,"2018-10-14 02:31:16"
0,144,2,142,"2018-10-14 02:46:13"
0,117,1,116,"2018-10-14 03:01:13"
0,109,2,107,"2018-10-14 03:16:13"
0,106,2,104,"2018-10-14 03:31:12"
0,102,2,100,"2018-10-14 03:46:13"
0,75,1,74,"2018-10-14 04:01:13"
0,85,1,84,"2018-10-14 04:16:13"
0,68,1,67,"2018-10-14 04:34:35"
0,59,1,58,"2018-10-14 04:46:12"
0,62,2,60,"2018-10-14 05:01:13"
0,70,1,69,"2018-10-14 05:16:14"
0,80,2,78,"2018-10-14 05:31:15"
0,76,1,75,"2018-10-14 05:46:14"
0,72,2,70,"2018-10-14 06:01:14"
0,74,1,73,"2018-10-14 06:16:14"
0,91,2,89,"2018-10-14 06:31:14"
0,89,2,87,"2018-10-14 06:46:15"
0,69,1,68,"2018-10-14 07:01:14"
0,91,1,90,"2018-10-14 07:16:15"
0,80,2,78,"2018-10-14 07:31:15"
0,99,2,97,"2018-10-14 07:46:14"
0,94,3,91,"2018-10-14 08:01:15"
0,131,1,130,"2018-10-14 08:16:14"
0,124,1,123,"2018-10-14 08:31:14"
0,138,1,137,"2018-10-14 08:46:14"
0,106,1,105,"2018-10-14 09:01:15"
0,118,1,117,"2018-10-14 09:16:14"
0,135,1,134,"2018-10-14 09:31:14"
0,177,1,176,"2018-10-14 09:46:14"
0,132,1,131,"2018-10-14 10:01:15"
0,179,1,178,"2018-10-14 10:16:15"
0,164,3,161,"2018-10-14 10:31:14"
0,181,3,178,"2018-10-14 10:46:14"
0,174,4,170,"2018-10-14 11:01:15"
0,207,2,205,"2018-10-14 11:16:14"
0,251,5,246,"2018-10-14 11:31:15"
0,304,6,298,"2018-10-14 11:46:14"
0,272,4,268,"2018-10-14 12:01:15"
0,266,5,261,"2018-10-14 12:16:14"
0,292,3,289,"2018-10-14 12:31:14"
0,333,4,329,"2018-10-14 12:46:14"
0,335,4,331,"2018-10-14 13:01:14"
0,345,2,343,"2018-10-14 13:16:13"
0,339,4,335,"2018-10-14 13:31:14"
0,375,5,370,"2018-10-14 13:46:14"
0,366,4,362,"2018-10-14 14:01:15"
0,397,3,394,"2018-10-14 14:16:14"
0,360,4,356,"2018-10-14 14:31:13"
0,309,1,308,"2018-10-14 14:46:14"
0,314,3,311,"2018-10-14 15:01:14"
0,259,1,258,"2018-10-14 15:16:14"
0,272,4,268,"2018-10-14 15:31:14"
0,299,3,296,"2018-10-14 15:46:13"
0,310,4,306,"2018-10-14 16:01:14"
0,381,3,378,"2018-10-14 16:16:13"
0,386,10,376,"2018-10-14 16:31:14"
0,400,5,395,"2018-10-14 16:46:13"
0,355,5,350,"2018-10-14 17:01:14"
0,389,6,383,"2018-10-14 17:16:13"
0,375,1,374,"2018-10-14 17:31:14"
0,362,1,361,"2018-10-14 17:46:14"
0,330,3,327,"2018-10-14 18:01:13"
0,364,4,360,"2018-10-14 18:16:14"
0,345,5,340,"2018-10-14 18:31:13"
0,319,2,317,"2018-10-14 18:46:13"
0,343,2,341,"2018-10-14 19:01:14"
0,328,0,328,"2018-10-14 19:16:14"
0,352,4,348,"2018-10-14 19:31:14"
0,278,5,273,"2018-10-14 19:46:13"
0,234,5,229,"2018-10-14 20:01:14"
0,203,2,201,"2018-10-14 20:16:13"
0,122,0,122,"2018-10-14 20:31:13"
0,90,1,89,"2018-10-14 20:46:12"
0,99,0,99,"2018-10-14 21:01:13"
0,123,1,122,"2018-10-14 21:16:14"
0,91,0,91,"2018-10-14 21:31:14"
0,86,0,86,"2018-10-14 21:46:12"
0,70,1,69,"2018-10-14 22:01:13"
0,57,1,56,"2018-10-14 22:16:12"
0,75,0,75,"2018-10-14 22:31:14"
0,52,1,51,"2018-10-14 22:46:14"
0,34,0,34,"2018-10-14 23:01:13"
0,46,0,46,"2018-10-14 23:16:13"
0,43,0,43,"2018-10-14 23:31:13"
0,38,0,38,"2018-10-14 23:46:13"
0,29,0,29,"2018-10-15 00:01:16"
0,28,0,28,"2018-10-15 00:16:13"
0,31,0,31,"2018-10-15 00:31:13"
0,25,0,25,"2018-10-15 00:46:12"
0,33,0,33,"2018-10-15 01:01:14"
0,36,0,36,"2018-10-15 01:16:12"
0,35,0,35,"2018-10-15 01:31:13"
0,30,0,30,"2018-10-15 01:46:13"
0,38,0,38,"2018-10-15 02:01:13"
0,18,0,18,"2018-10-15 02:16:12"
0,15,0,15,"2018-10-15 02:31:13"
0,15,0,15,"2018-10-15 02:46:13"
0,14,0,14,"2018-10-15 03:01:13"
0,13,0,13,"2018-10-15 03:16:13"
0,13,0,13,"2018-10-15 03:31:12"
0,13,0,13,"2018-10-15 03:46:12"
0,13,0,13,"2018-10-15 04:01:13"
0,13,0,13,"2018-10-15 04:16:13"
0,12,0,12,"2018-10-15 04:34:37"
0,12,0,12,"2018-10-15 04:46:12"
0,14,0,14,"2018-10-15 05:01:13"
0,26,0,26,"2018-10-15 05:16:14"
0,33,0,33,"2018-10-15 05:31:14"
0,56,0,56,"2018-10-15 05:46:14"
0,40,0,40,"2018-10-15 06:01:14"
0,59,0,59,"2018-10-15 06:16:14"
0,84,3,81,"2018-10-15 06:31:14"
0,65,1,64,"2018-10-15 06:46:14"
0,84,0,84,"2018-10-15 07:01:14"
0,152,1,151,"2018-10-15 07:16:14"
0,291,3,288,"2018-10-15 07:31:14"
0,564,8,556,"2018-10-15 07:46:14"
0,565,6,559,"2018-10-15 08:01:14"
0,627,8,619,"2018-10-15 08:16:14"
0,703,13,690,"2018-10-15 08:31:14"
0,854,12,842,"2018-10-15 08:46:14"
0,746,22,724,"2018-10-15 09:01:15"
0,616,13,603,"2018-10-15 09:16:14"
0,486,4,482,"2018-10-15 09:31:15"
0,467,2,465,"2018-10-15 09:46:14"
0,333,2,331,"2018-10-15 10:01:14"
0,342,0,342,"2018-10-15 10:16:15"
0,293,0,293,"2018-10-15 10:31:14"
0,343,2,341,"2018-10-15 10:46:14"
0,286,0,286,"2018-10-15 11:01:14"
0,340,4,336,"2018-10-15 11:16:14"
0,304,3,301,"2018-10-15 11:31:14"
0,409,3,406,"2018-10-15 11:46:13"
0,349,4,345,"2018-10-15 12:01:14"
0,382,5,377,"2018-10-15 12:16:14"
0,398,4,394,"2018-10-15 12:31:14"
0,471,3,468,"2018-10-15 12:46:13"
0,385,2,383,"2018-10-15 13:01:39"
0,469,9,460,"2018-10-15 13:16:33"
0,464,5,459,"2018-10-15 13:31:34"
0,563,6,557,"2018-10-15 13:46:33"
0,544,3,541,"2018-10-15 14:01:34"
0,712,7,705,"2018-10-15 14:16:33"
0,661,9,652,"2018-10-15 14:31:33"
0,728,8,720,"2018-10-15 14:46:33"
0,580,5,575,"2018-10-15 15:01:33"
0,669,7,662,"2018-10-15 15:16:33"
0,601,10,591,"2018-10-15 15:31:33"
0,589,9,580,"2018-10-15 15:46:33"
0,544,4,540,"2018-10-15 16:01:33"
0,634,7,627,"2018-10-15 16:16:33"
0,552,11,541,"2018-10-15 16:31:33"
0,631,6,625,"2018-10-15 16:46:33"
0,514,4,510,"2018-10-15 17:01:34"
0,743,13,730,"2018-10-15 17:16:33"
0,696,9,687,"2018-10-15 17:31:34"
0,861,14,847,"2018-10-15 17:46:33"
0,816,8,808,"2018-10-15 18:01:34"
0,1121,12,1109,"2018-10-15 18:16:33"
0,1049,19,1030,"2018-10-15 18:31:33"
0,1058,21,1037,"2018-10-15 18:46:33"
0,947,13,934,"2018-10-15 19:01:33"
0,1008,14,994,"2018-10-15 19:16:33"
0,870,12,858,"2018-10-15 19:31:33"
0,859,10,849,"2018-10-15 19:46:32"
0,711,12,699,"2018-10-15 20:01:33"
0,774,8,766,"2018-10-15 20:16:32"
0,687,8,679,"2018-10-15 20:31:33"
0,653,11,642,"2018-10-15 20:46:33"
0,595,9,586,"2018-10-15 21:01:33"
0,595,5,590,"2018-10-15 21:16:33"
0,541,9,532,"2018-10-15 21:31:33"
0,469,6,463,"2018-10-15 21:46:32"
0,401,7,394,"2018-10-15 22:01:32"
0,438,8,430,"2018-10-15 22:16:32"
0,316,4,312,"2018-10-15 22:31:33"
0,265,2,263,"2018-10-15 22:46:32"
0,230,3,227,"2018-10-15 23:01:33"
0,268,7,261,"2018-10-15 23:16:32"
0,209,3,206,"2018-10-15 23:31:32"
0,204,4,200,"2018-10-15 23:46:33"
0,203,3,200,"2018-10-16 00:01:42"
0,214,3,211,"2018-10-16 00:06:33"
0,215,5,210,"2018-10-16 00:11:33"
0,199,5,194,"2018-10-16 00:16:33"
0,199,6,193,"2018-10-16 00:21:32"
0,198,5,193,"2018-10-16 00:26:32"
0,173,3,170,"2018-10-16 00:31:32"
0,151,3,148,"2018-10-16 00:36:33"
0,141,2,139,"2018-10-16 00:41:32"
0,141,1,140,"2018-10-16 00:46:32"
0,143,0,143,"2018-10-16 00:51:33"
0,123,0,123,"2018-10-16 00:56:32"
0,128,0,128,"2018-10-16 01:01:33"
0,124,0,124,"2018-10-16 01:06:34"
0,121,1,120,"2018-10-16 01:11:33"
0,106,1,105,"2018-10-16 01:16:32"
0,95,2,93,"2018-10-16 01:21:32"
0,93,3,90,"2018-10-16 01:26:32"
0,101,2,99,"2018-10-16 01:31:32"
0,90,2,88,"2018-10-16 01:36:32"
0,78,2,76,"2018-10-16 01:41:33"
0,61,2,59,"2018-10-16 01:46:32"
0,59,0,59,"2018-10-16 01:51:32"
0,66,0,66,"2018-10-16 01:56:32"
0,64,1,63,"2018-10-16 02:01:32"
0,50,1,49,"2018-10-16 02:06:33"
0,33,1,32,"2018-10-16 02:11:32"
0,31,1,30,"2018-10-16 02:16:33"
0,27,1,26,"2018-10-16 02:21:32"
0,26,1,25,"2018-10-16 02:26:32"
0,24,1,23,"2018-10-16 02:31:32"
0,24,1,23,"2018-10-16 02:36:32"
0,24,1,23,"2018-10-16 02:41:32"
0,24,1,23,"2018-10-16 02:46:32"
0,24,1,23,"2018-10-16 02:51:31"
0,23,1,22,"2018-10-16 02:56:32"
0,23,1,22,"2018-10-16 03:01:33"
0,23,1,22,"2018-10-16 03:06:33"
0,22,0,22,"2018-10-16 03:11:32"
0,22,0,22,"2018-10-16 03:16:32"
0,22,0,22,"2018-10-16 03:21:32"
0,22,0,22,"2018-10-16 03:26:32"
0,22,0,22,"2018-10-16 03:31:32"
0,22,0,22,"2018-10-16 03:36:32"
0,22,0,22,"2018-10-16 03:41:32"
0,22,0,22,"2018-10-16 03:46:32"
0,21,0,21,"2018-10-16 03:51:32"
0,21,0,21,"2018-10-16 03:56:32"
0,21,0,21,"2018-10-16 04:01:32"
0,21,0,21,"2018-10-16 04:06:32"
0,21,0,21,"2018-10-16 04:11:31"
0,21,0,21,"2018-10-16 04:16:32"
0,21,0,21,"2018-10-16 04:21:32"
0,21,0,21,"2018-10-16 04:26:32"
0,21,0,21,"2018-10-16 04:34:37"
0,21,0,21,"2018-10-16 04:36:32"
0,21,0,21,"2018-10-16 04:41:31"
0,21,0,21,"2018-10-16 04:46:32"
0,21,0,21,"2018-10-16 04:51:31"
0,20,0,20,"2018-10-16 04:56:32"
0,26,0,26,"2018-10-16 05:01:33"
0,38,0,38,"2018-10-16 05:06:34"
0,34,0,34,"2018-10-16 05:11:34"
0,41,0,41,"2018-10-16 05:16:34"
0,36,0,36,"2018-10-16 05:21:33"
0,41,0,41,"2018-10-16 05:26:34"
0,43,0,43,"2018-10-16 05:31:33"
0,44,0,44,"2018-10-16 05:36:34"
0,46,0,46,"2018-10-16 05:41:33"
0,57,0,57,"2018-10-16 05:46:34"
0,68,0,68,"2018-10-16 05:51:33"
0,67,0,67,"2018-10-16 05:56:33"
0,52,0,52,"2018-10-16 06:01:34"
0,58,0,58,"2018-10-16 06:06:33"
0,61,0,61,"2018-10-16 06:11:34"
0,72,0,72,"2018-10-16 06:16:33"
0,81,0,81,"2018-10-16 06:21:34"
0,99,1,98,"2018-10-16 06:26:34"
0,139,2,137,"2018-10-16 06:31:33"
0,173,1,172,"2018-10-16 06:36:33"
0,196,1,195,"2018-10-16 06:41:34"
0,215,1,214,"2018-10-16 06:46:33"
0,215,2,213,"2018-10-16 06:51:33"
0,200,1,199,"2018-10-16 06:56:33"
0,182,2,180,"2018-10-16 07:01:34"
0,237,2,235,"2018-10-16 07:06:34"
0,272,2,270,"2018-10-16 07:11:33"
0,303,2,301,"2018-10-16 07:16:33"
0,350,3,347,"2018-10-16 07:21:33"
0,435,3,432,"2018-10-16 07:26:33"
0,527,4,523,"2018-10-16 07:31:34"
0,653,4,649,"2018-10-16 07:36:34"
0,799,2,797,"2018-10-16 07:41:33"
0,894,3,891,"2018-10-16 07:46:33"
0,957,7,950,"2018-10-16 07:51:33"
0,909,7,902,"2018-10-16 07:56:33"
0,788,6,782,"2018-10-16 08:01:34"
0,799,7,792,"2018-10-16 08:06:33"
0,846,11,835,"2018-10-16 08:11:33"
0,885,13,872,"2018-10-16 08:16:33"
0,908,18,890,"2018-10-16 08:21:33"
0,957,22,935,"2018-10-16 08:26:33"
0,971,24,947,"2018-10-16 08:31:34"
0,982,28,954,"2018-10-16 08:36:33"
0,1108,36,1072,"2018-10-16 08:41:33"
0,1192,34,1158,"2018-10-16 08:46:33"
0,1160,24,1136,"2018-10-16 08:51:33"
0,1075,20,1055,"2018-10-16 08:56:33"
0,935,17,918,"2018-10-16 09:01:34"
0,831,19,812,"2018-10-16 09:06:34"
0,788,17,771,"2018-10-16 09:11:33"
0,759,15,744,"2018-10-16 09:16:33"
0,755,16,739,"2018-10-16 09:21:33"
0,691,9,682,"2018-10-16 09:26:33"
0,625,7,618,"2018-10-16 09:31:33"
0,607,9,598,"2018-10-16 09:36:33"
0,580,8,572,"2018-10-16 09:41:33"
0,554,6,548,"2018-10-16 09:46:33"
0,544,4,540,"2018-10-16 09:51:32"
0,529,6,523,"2018-10-16 09:56:33"
0,457,7,450,"2018-10-16 10:01:34"
0,415,7,408,"2018-10-16 10:06:33"
0,425,7,418,"2018-10-16 10:11:32"
0,410,8,402,"2018-10-16 10:16:33"
0,409,9,400,"2018-10-16 10:21:32"
0,401,7,394,"2018-10-16 10:26:33"
0,375,5,370,"2018-10-16 10:31:33"
0,385,6,379,"2018-10-16 10:36:33"
0,403,6,397,"2018-10-16 10:41:33"
0,419,5,414,"2018-10-16 10:46:33"
0,418,5,413,"2018-10-16 10:51:33"
0,384,5,379,"2018-10-16 10:56:33"
0,383,8,375,"2018-10-16 11:01:33"
0,371,9,362,"2018-10-16 11:06:33"
0,354,9,345,"2018-10-16 11:11:33"
0,365,6,359,"2018-10-16 11:16:32"
0,381,5,376,"2018-10-16 11:21:33"
0,363,5,358,"2018-10-16 11:26:32"
0,354,5,349,"2018-10-16 11:31:33"
0,378,4,374,"2018-10-16 11:36:32"
0,416,6,410,"2018-10-16 11:41:33"
0,417,6,411,"2018-10-16 11:46:33"
0,429,6,423,"2018-10-16 11:51:33"
0,412,5,407,"2018-10-16 11:56:34"
0,386,5,381,"2018-10-16 12:01:33"
0,401,5,396,"2018-10-16 12:06:33"
0,438,5,433,"2018-10-16 12:11:32"
0,455,7,448,"2018-10-16 12:16:33"
0,440,7,433,"2018-10-16 12:21:33"
0,405,5,400,"2018-10-16 12:26:32"
0,407,6,401,"2018-10-16 12:31:33"
0,483,6,477,"2018-10-16 12:36:33"
0,494,5,489,"2018-10-16 12:41:33"
0,504,6,498,"2018-10-16 12:46:33"
0,502,5,497,"2018-10-16 12:51:33"
0,463,5,458,"2018-10-16 12:56:33"
0,449,5,444,"2018-10-16 13:01:33"
0,449,5,444,"2018-10-16 13:06:33"
0,513,5,508,"2018-10-16 13:11:33"
0,537,6,531,"2018-10-16 13:16:33"
0,530,5,525,"2018-10-16 13:21:33"
0,504,7,497,"2018-10-16 13:26:32"
0,494,7,487,"2018-10-16 13:31:34"
0,543,7,536,"2018-10-16 13:36:32"
0,606,9,597,"2018-10-16 13:41:33"
0,599,7,592,"2018-10-16 13:46:33"
0,593,5,588,"2018-10-16 13:51:32"
0,585,4,581,"2018-10-16 13:56:33"
0,554,6,548,"2018-10-16 14:01:34"
0,653,6,647,"2018-10-16 14:06:33"
0,701,6,695,"2018-10-16 14:11:33"
0,755,7,748,"2018-10-16 14:16:32"
0,706,8,698,"2018-10-16 14:21:33"
0,704,9,695,"2018-10-16 14:26:32"
0,679,9,670,"2018-10-16 14:31:33"
0,744,10,734,"2018-10-16 14:36:33"
0,802,10,792,"2018-10-16 14:41:32"
0,808,12,796,"2018-10-16 14:46:33"
0,725,13,712,"2018-10-16 14:51:32"
0,658,12,646,"2018-10-16 14:56:32"
0,600,9,591,"2018-10-16 15:01:33"
0,607,9,598,"2018-10-16 15:06:33"
0,686,8,678,"2018-10-16 15:11:33"
0,743,8,735,"2018-10-16 15:16:32"
0,704,7,697,"2018-10-16 15:21:33"
0,641,6,635,"2018-10-16 15:26:32"
0,587,8,579,"2018-10-16 15:31:33"
0,602,12,590,"2018-10-16 15:36:32"
0,613,9,604,"2018-10-16 15:41:33"
0,648,8,640,"2018-10-16 15:46:32"
0,592,7,585,"2018-10-16 15:51:33"
0,578,6,572,"2018-10-16 15:56:32"
0,522,7,515,"2018-10-16 16:01:33"
0,540,8,532,"2018-10-16 16:06:33"
0,620,9,611,"2018-10-16 16:11:33"
0,645,10,635,"2018-10-16 16:16:32"
0,641,10,631,"2018-10-16 16:21:33"
0,606,12,594,"2018-10-16 16:26:32"
0,561,7,554,"2018-10-16 16:32:09"
0,584,5,579,"2018-10-16 16:37:04"
0,639,6,633,"2018-10-16 16:42:02"
0,627,5,622,"2018-10-16 16:46:59"
0,600,7,593,"2018-10-16 16:51:59"
0,572,6,566,"2018-10-16 16:56:57"
0,554,8,546,"2018-10-16 17:02:05"
0,652,10,642,"2018-10-16 17:06:53"
0,691,12,679,"2018-10-16 17:12:07"
0,693,20,673,"2018-10-16 17:17:25"
0,759,22,737,"2018-10-16 17:22:20"
0,743,22,721,"2018-10-16 17:27:29"
0,727,16,711,"2018-10-16 17:32:03"
0,746,9,737,"2018-10-16 17:36:44"
0,792,6,786,"2018-10-16 17:41:33"
0,838,9,829,"2018-10-16 17:46:35"
0,860,6,854,"2018-10-16 17:51:34"
0,838,14,824,"2018-10-16 17:56:35"
0,829,16,813,"2018-10-16 18:01:33"
0,883,19,864,"2018-10-16 18:06:40"
0,1043,17,1026,"2018-10-16 18:11:33"
0,1141,14,1127,"2018-10-16 18:16:32"
0,1163,16,1147,"2018-10-16 18:21:33"
0,1138,15,1123,"2018-10-16 18:26:32"
0,1049,19,1030,"2018-10-16 18:31:34"
0,1058,19,1039,"2018-10-16 18:36:49"
0,1067,22,1045,"2018-10-16 18:41:39"
0,1044,19,1025,"2018-10-16 18:46:33"
0,1054,14,1040,"2018-10-16 18:51:32"
0,1008,13,995,"2018-10-16 18:56:33"
0,937,12,925,"2018-10-16 19:01:32"
0,963,10,953,"2018-10-16 19:06:32"
0,974,12,962,"2018-10-16 19:11:33"
0,1006,11,995,"2018-10-16 19:16:32"
0,1004,12,992,"2018-10-16 19:21:32"
0,950,9,941,"2018-10-16 19:26:32"
0,908,9,899,"2018-10-16 19:31:32"
0,927,11,916,"2018-10-16 19:36:32"
0,902,15,887,"2018-10-16 19:41:32"
0,843,14,829,"2018-10-16 19:46:32"
0,840,11,829,"2018-10-16 19:51:32"
0,762,9,753,"2018-10-16 19:56:32"
0,716,7,709,"2018-10-16 20:01:32"
0,779,4,775,"2018-10-16 20:06:33"
0,790,4,786,"2018-10-16 20:11:32"
0,792,4,788,"2018-10-16 20:16:31"
0,781,8,773,"2018-10-16 20:21:32"
0,720,9,711,"2018-10-16 20:26:32"
0,683,8,675,"2018-10-16 20:31:32"
0,680,9,671,"2018-10-16 20:36:31"
0,693,10,683,"2018-10-16 20:41:32"
0,692,7,685,"2018-10-16 20:46:33"
0,657,6,651,"2018-10-16 20:51:31"
0,653,6,647,"2018-10-16 20:56:32"
0,620,9,611,"2018-10-16 21:01:32"
0,648,6,642,"2018-10-16 21:06:33"
0,712,4,708,"2018-10-16 21:11:32"
0,680,4,676,"2018-10-16 21:16:32"
0,628,2,626,"2018-10-16 21:21:32"
0,570,3,567,"2018-10-16 21:26:33"
0,523,4,519,"2018-10-16 21:31:32"
0,488,4,484,"2018-10-16 21:36:31"
0,460,6,454,"2018-10-16 21:41:32"
0,431,8,423,"2018-10-16 21:46:31"
0,432,7,425,"2018-10-16 21:51:32"
0,405,3,402,"2018-10-16 21:56:32"
0,373,4,369,"2018-10-16 22:01:32"
0,369,3,366,"2018-10-16 22:06:32"
0,363,6,357,"2018-10-16 22:11:32"
0,356,5,351,"2018-10-16 22:16:32"
0,354,3,351,"2018-10-16 22:21:32"
0,334,4,330,"2018-10-16 22:26:32"
0,319,5,314,"2018-10-16 22:31:32"
0,303,5,298,"2018-10-16 22:36:32"
0,279,5,274,"2018-10-16 22:41:32"
0,282,5,277,"2018-10-16 22:46:31"
0,280,3,277,"2018-10-16 22:51:32"
0,258,2,256,"2018-10-16 22:56:32"
0,248,3,245,"2018-10-16 23:01:32"
0,261,3,258,"2018-10-16 23:06:32"
0,262,5,257,"2018-10-16 23:11:32"
0,265,7,258,"2018-10-16 23:16:32"
0,271,8,263,"2018-10-16 23:21:32"
0,260,5,255,"2018-10-16 23:26:32"
0,247,4,243,"2018-10-16 23:31:32"
0,246,4,242,"2018-10-16 23:36:32"
0,225,3,222,"2018-10-16 23:41:32"
0,239,3,236,"2018-10-16 23:46:32"
0,213,3,210,"2018-10-16 23:51:32"
0,201,2,199,"2018-10-16 23:56:32"
0,206,3,203,"2018-10-17 00:01:33"
0,204,6,198,"2018-10-17 00:06:33"
0,211,8,203,"2018-10-17 00:11:32"
0,204,8,196,"2018-10-17 00:16:32"
0,189,7,182,"2018-10-17 00:21:32"
0,170,9,161,"2018-10-17 00:26:33"
0,177,9,168,"2018-10-17 00:31:33"
0,165,6,159,"2018-10-17 00:36:32"
0,150,3,147,"2018-10-17 00:41:33"
0,136,2,134,"2018-10-17 00:46:32"
0,133,2,131,"2018-10-17 00:51:32"
0,121,2,119,"2018-10-17 00:56:32"
0,111,2,109,"2018-10-17 01:01:33"
0,101,2,99,"2018-10-17 01:06:43"
0,109,3,106,"2018-10-17 01:11:32"
0,112,3,109,"2018-10-17 01:16:32"
0,98,3,95,"2018-10-17 01:21:32"
0,86,3,83,"2018-10-17 01:26:32"
0,74,2,72,"2018-10-17 01:31:32"
0,79,1,78,"2018-10-17 01:36:32"
0,69,2,67,"2018-10-17 01:41:32"
0,79,2,77,"2018-10-17 01:46:32"
0,79,2,77,"2018-10-17 01:51:32"
0,74,3,71,"2018-10-17 01:56:32"
0,81,3,78,"2018-10-17 02:01:33"
0,58,2,56,"2018-10-17 02:06:32"
0,43,1,42,"2018-10-17 02:11:32"
0,37,1,36,"2018-10-17 02:16:32"
0,36,1,35,"2018-10-17 02:21:32"
0,33,1,32,"2018-10-17 02:26:32"
0,30,1,29,"2018-10-17 02:31:32"
0,28,1,27,"2018-10-17 02:36:32"
0,27,1,26,"2018-10-17 02:41:32"
0,26,1,25,"2018-10-17 02:46:32"
0,26,1,25,"2018-10-17 02:51:32"
0,26,1,25,"2018-10-17 02:56:32"
0,26,1,25,"2018-10-17 03:01:32"
0,26,1,25,"2018-10-17 03:06:32"
0,26,1,25,"2018-10-17 03:11:32"
0,26,1,25,"2018-10-17 03:16:31"
0,25,1,24,"2018-10-17 03:21:32"
0,25,1,24,"2018-10-17 03:26:32"
0,25,1,24,"2018-10-17 03:31:33"
0,25,1,24,"2018-10-17 03:36:32"
0,25,1,24,"2018-10-17 03:41:32"
0,25,1,24,"2018-10-17 03:46:32"
0,25,1,24,"2018-10-17 03:51:31"
0,25,1,24,"2018-10-17 03:56:32"
0,25,1,24,"2018-10-17 04:01:31"
0,25,1,24,"2018-10-17 04:06:32"
0,25,1,24,"2018-10-17 04:11:31"
0,25,1,24,"2018-10-17 04:16:31"
0,25,1,24,"2018-10-17 04:21:32"
0,25,1,24,"2018-10-17 04:26:31"
0,25,1,24,"2018-10-17 04:34:34"
0,25,1,24,"2018-10-17 04:36:32"
0,25,1,24,"2018-10-17 04:41:31"
0,25,1,24,"2018-10-17 04:46:31"
0,25,1,24,"2018-10-17 04:51:33"
0,25,1,24,"2018-10-17 04:56:31"
0,29,1,28,"2018-10-17 05:01:33"
0,35,1,34,"2018-10-17 05:06:34"
0,42,1,41,"2018-10-17 05:11:33"
0,44,1,43,"2018-10-17 05:16:33"
0,44,1,43,"2018-10-17 05:21:33"
0,52,1,51,"2018-10-17 05:26:33"
0,50,1,49,"2018-10-17 05:31:33"
0,55,1,54,"2018-10-17 05:36:33"
0,71,1,70,"2018-10-17 05:41:33"
0,70,1,69,"2018-10-17 05:46:33"
0,68,1,67,"2018-10-17 05:51:33"
0,55,1,54,"2018-10-17 05:56:33"
0,51,1,50,"2018-10-17 06:01:34"
0,48,1,47,"2018-10-17 06:06:33"
0,67,1,66,"2018-10-17 06:11:33"
0,78,1,77,"2018-10-17 06:16:33"
0,93,1,92,"2018-10-17 06:21:33"
0,108,1,107,"2018-10-17 06:26:33"
0,128,2,126,"2018-10-17 06:31:33"
0,170,2,168,"2018-10-17 06:36:33"
0,193,2,191,"2018-10-17 06:41:33"
0,218,2,216,"2018-10-17 06:46:33"
0,215,2,213,"2018-10-17 06:51:33"
0,229,1,228,"2018-10-17 06:56:33"
0,205,1,204,"2018-10-17 07:01:33"
0,233,2,231,"2018-10-17 07:06:33"
0,286,2,284,"2018-10-17 07:11:33"
0,344,2,342,"2018-10-17 07:16:33"
0,400,3,397,"2018-10-17 07:21:33"
0,434,4,430,"2018-10-17 07:26:33"
0,478,6,472,"2018-10-17 07:31:33"
0,585,9,576,"2018-10-17 07:36:33"
0,755,8,747,"2018-10-17 07:41:33"
0,878,5,873,"2018-10-17 07:46:33"
0,969,7,962,"2018-10-17 07:51:33"
0,921,9,912,"2018-10-17 07:56:33"
0,801,10,791,"2018-10-17 08:01:33"
0,768,11,757,"2018-10-17 08:06:33"
0,737,11,726,"2018-10-17 08:11:33"
0,797,14,783,"2018-10-17 08:16:32"
0,911,19,892,"2018-10-17 08:21:33"
0,945,20,925,"2018-10-17 08:26:32"
0,958,23,935,"2018-10-17 08:31:33"
0,1006,25,981,"2018-10-17 08:36:32"
0,1116,32,1084,"2018-10-17 08:41:33"
0,1191,31,1160,"2018-10-17 08:46:32"
0,1162,30,1132,"2018-10-17 08:51:33"
0,1037,25,1012,"2018-10-17 08:56:32"
0,929,27,902,"2018-10-17 09:01:33"
0,856,25,831,"2018-10-17 09:06:33"
0,817,23,794,"2018-10-17 09:11:33"
0,758,17,741,"2018-10-17 09:16:33"
0,722,15,707,"2018-10-17 09:21:33"
0,675,15,660,"2018-10-17 09:26:33"
0,631,13,618,"2018-10-17 09:31:33"
0,612,11,601,"2018-10-17 09:36:33"
0,618,11,607,"2018-10-17 09:41:32"
0,579,12,567,"2018-10-17 09:46:33"
0,546,11,535,"2018-10-17 09:51:32"
0,513,6,507,"2018-10-17 09:56:33"
0,451,7,444,"2018-10-17 10:01:33"
0,433,3,430,"2018-10-17 10:06:33"
0,409,3,406,"2018-10-17 10:11:32"
0,397,4,393,"2018-10-17 10:16:33"
0,384,2,382,"2018-10-17 10:21:32"
0,387,2,385,"2018-10-17 10:26:32"
0,378,3,375,"2018-10-17 10:31:33"
0,397,2,395,"2018-10-17 10:36:33"
0,409,3,406,"2018-10-17 10:41:32"
0,414,4,410,"2018-10-17 10:46:32"
0,407,4,403,"2018-10-17 10:51:33"
0,372,7,365,"2018-10-17 10:56:33"
0,363,6,357,"2018-10-17 11:01:33"
0,403,6,397,"2018-10-17 11:06:33"
0,378,5,373,"2018-10-17 11:11:32"
0,405,5,400,"2018-10-17 11:16:33"
0,422,4,418,"2018-10-17 11:21:32"
0,387,2,385,"2018-10-17 11:26:33"
0,393,2,391,"2018-10-17 11:31:32"
0,391,2,389,"2018-10-17 11:36:33"
0,421,3,418,"2018-10-17 11:41:33"
0,446,4,442,"2018-10-17 11:46:33"
0,448,4,444,"2018-10-17 11:51:32"
0,413,3,410,"2018-10-17 11:56:32"
0,390,3,387,"2018-10-17 12:01:32"
0,415,5,410,"2018-10-17 12:06:32"
0,431,7,424,"2018-10-17 12:11:33"
0,467,7,460,"2018-10-17 12:16:32"
0,463,7,456,"2018-10-17 12:21:32"
0,451,7,444,"2018-10-17 12:26:32"
0,454,6,448,"2018-10-17 12:31:32"
0,484,5,479,"2018-10-17 12:36:32"
0,504,4,500,"2018-10-17 12:41:33"
0,488,4,484,"2018-10-17 12:46:32"
0,464,4,460,"2018-10-17 12:51:50"
0,456,5,451,"2018-10-17 12:56:58"
0,435,6,429,"2018-10-17 13:01:46"
0,484,7,477,"2018-10-17 13:06:52"
0,525,10,515,"2018-10-17 13:11:33"
0,561,9,552,"2018-10-17 13:16:32"
0,566,7,559,"2018-10-17 13:21:32"
0,589,6,583,"2018-10-17 13:26:32"
0,592,4,588,"2018-10-17 13:31:32"
0,595,5,590,"2018-10-17 13:36:32"
0,636,6,630,"2018-10-17 13:41:32"
0,660,8,652,"2018-10-17 13:46:33"
0,651,12,639,"2018-10-17 13:51:33"
0,665,11,654,"2018-10-17 13:57:43"
0,649,11,638,"2018-10-17 14:02:06"
0,724,8,716,"2018-10-17 14:07:05"
0,821,10,811,"2018-10-17 14:12:32"
0,820,9,811,"2018-10-17 14:16:51"
0,837,8,829,"2018-10-17 14:21:55"
0,758,9,749,"2018-10-17 14:27:03"
0,717,8,709,"2018-10-17 14:32:18"
0,786,8,778,"2018-10-17 14:36:58"
0,823,11,812,"2018-10-17 14:42:09"
0,816,13,803,"2018-10-17 14:46:50"
0,747,12,735,"2018-10-17 14:52:14"
0,669,5,664,"2018-10-17 14:58:01"
0,606,5,601,"2018-10-17 15:02:23"
0,697,6,691,"2018-10-17 15:07:06"
0,735,6,729,"2018-10-17 15:11:36"
0,755,9,746,"2018-10-17 15:16:32"
0,759,11,748,"2018-10-17 15:21:38"
0,712,8,704,"2018-10-17 15:26:32"
0,639,6,633,"2018-10-17 15:31:32"
0,609,8,601,"2018-10-17 15:36:36"
0,653,8,645,"2018-10-17 15:41:32"
0,657,7,650,"2018-10-17 15:46:32"
0,646,6,640,"2018-10-17 15:51:32"
0,584,5,579,"2018-10-17 15:56:32"
0,557,3,554,"2018-10-17 16:01:32"
0,550,5,545,"2018-10-17 16:06:32"
0,618,6,612,"2018-10-17 16:11:32"
0,681,6,675,"2018-10-17 16:16:32"
0,637,6,631,"2018-10-17 16:21:33"
0,595,7,588,"2018-10-17 16:26:32"
0,595,10,585,"2018-10-17 16:31:33"
0,615,8,607,"2018-10-17 16:36:32"
0,626,7,619,"2018-10-17 16:41:32"
0,630,6,624,"2018-10-17 16:46:32"
0,625,6,619,"2018-10-17 16:51:32"
0,568,9,559,"2018-10-17 16:56:32"
0,571,9,562,"2018-10-17 17:01:32"
0,607,8,599,"2018-10-17 17:06:32"
0,665,7,658,"2018-10-17 17:11:32"
0,719,9,710,"2018-10-17 17:16:32"
0,732,11,721,"2018-10-17 17:21:32"
0,731,9,722,"2018-10-17 17:26:32"
0,740,7,733,"2018-10-17 17:31:32"
0,805,7,798,"2018-10-17 17:36:32"
0,809,6,803,"2018-10-17 17:41:32"
0,826,8,818,"2018-10-17 17:46:32"
0,824,7,817,"2018-10-17 17:51:32"
0,839,8,831,"2018-10-17 17:56:31"
0,789,6,783,"2018-10-17 18:01:33"
0,884,7,877,"2018-10-17 18:06:32"
0,979,8,971,"2018-10-17 18:11:32"
0,1047,9,1038,"2018-10-17 18:16:32"
0,1051,14,1037,"2018-10-17 18:21:31"
0,992,14,978,"2018-10-17 18:26:32"
0,964,14,950,"2018-10-17 18:31:32"
0,954,18,936,"2018-10-17 18:36:31"
0,979,15,964,"2018-10-17 18:41:32"
0,968,13,955,"2018-10-17 18:46:33"
0,962,12,950,"2018-10-17 18:51:32"
0,937,11,926,"2018-10-17 18:56:32"
0,887,7,880,"2018-10-17 19:01:32"
0,887,11,876,"2018-10-17 19:06:32"
0,893,12,881,"2018-10-17 19:11:31"
0,876,9,867,"2018-10-17 19:16:32"
0,849,9,840,"2018-10-17 19:21:32"
0,814,10,804,"2018-10-17 19:26:31"
0,789,10,779,"2018-10-17 19:31:32"
0,771,6,765,"2018-10-17 19:36:32"
0,828,6,822,"2018-10-17 19:41:31"
0,816,8,808,"2018-10-17 19:46:32"
0,803,11,792,"2018-10-17 19:51:31"
0,735,6,729,"2018-10-17 19:56:32"
0,697,5,692,"2018-10-17 20:01:32"
0,716,7,709,"2018-10-17 20:06:32"
0,804,6,798,"2018-10-17 20:11:32"
0,800,5,795,"2018-10-17 20:16:32"
0,791,7,784,"2018-10-17 20:21:32"
0,744,8,736,"2018-10-17 20:26:39"
0,721,8,713,"2018-10-17 20:31:32"
0,703,7,696,"2018-10-17 20:36:31"
0,721,4,717,"2018-10-17 20:41:32"
0,696,2,694,"2018-10-17 20:46:32"
0,677,6,671,"2018-10-17 20:51:31"
0,663,6,657,"2018-10-17 20:56:32"
0,604,7,597,"2018-10-17 21:01:32"
0,609,9,600,"2018-10-17 21:06:32"
0,658,8,650,"2018-10-17 21:11:32"
0,647,8,639,"2018-10-17 21:16:32"
0,619,7,612,"2018-10-17 21:21:32"
0,541,4,537,"2018-10-17 21:26:31"
0,508,4,504,"2018-10-17 21:31:32"
0,487,2,485,"2018-10-17 21:36:31"
0,483,2,481,"2018-10-17 21:41:32"
0,464,3,461,"2018-10-17 21:46:32"
0,444,2,442,"2018-10-17 21:51:32"
0,399,2,397,"2018-10-17 21:56:31"
0,389,4,385,"2018-10-17 22:01:32"
0,384,4,380,"2018-10-17 22:06:33"
0,411,7,404,"2018-10-17 22:11:31"
0,377,6,371,"2018-10-17 22:16:32"
0,357,7,350,"2018-10-17 22:21:31"
0,336,4,332,"2018-10-17 22:26:32"
0,319,4,315,"2018-10-17 22:31:31"
0,301,6,295,"2018-10-17 22:36:32"
0,305,4,301,"2018-10-17 22:41:31"
0,299,4,295,"2018-10-17 22:46:32"
0,276,4,272,"2018-10-17 22:51:31"
0,267,4,263,"2018-10-17 22:56:31"
0,256,3,253,"2018-10-17 23:01:32"
0,294,4,290,"2018-10-17 23:06:32"
0,313,8,305,"2018-10-17 23:11:32"
0,300,9,291,"2018-10-17 23:16:31"
0,289,9,280,"2018-10-17 23:21:31"
0,272,7,265,"2018-10-17 23:26:32"
0,255,6,249,"2018-10-17 23:31:31"
0,304,4,300,"2018-10-17 23:36:32"
0,302,3,299,"2018-10-17 23:41:32"
0,240,2,238,"2018-10-17 23:46:33"
0,242,2,240,"2018-10-17 23:51:31"
0,226,3,223,"2018-10-17 23:56:32"
0,226,4,222,"2018-10-18 00:01:34"
0,230,4,226,"2018-10-18 00:06:33"
0,265,3,262,"2018-10-18 00:11:32"
0,243,1,242,"2018-10-18 00:16:31"
0,233,1,232,"2018-10-18 00:21:32"
0,230,3,227,"2018-10-18 00:26:32"
0,222,3,219,"2018-10-18 00:31:32"
0,203,2,201,"2018-10-18 00:36:32"
0,190,3,187,"2018-10-18 00:41:32"
0,183,2,181,"2018-10-18 00:46:32"
0,168,3,165,"2018-10-18 00:51:32"
0,152,2,150,"2018-10-18 00:56:33"
0,150,1,149,"2018-10-18 01:01:32"
0,150,1,149,"2018-10-18 01:06:35"
0,139,1,138,"2018-10-18 01:11:33"
0,120,2,118,"2018-10-18 01:16:32"
0,126,3,123,"2018-10-18 01:21:32"
0,121,4,117,"2018-10-18 01:26:32"
0,110,3,107,"2018-10-18 01:31:32"
0,109,2,107,"2018-10-18 01:36:32"
0,98,0,98,"2018-10-18 01:41:32"
0,89,0,89,"2018-10-18 01:46:32"
0,88,0,88,"2018-10-18 01:51:32"
0,97,0,97,"2018-10-18 01:56:32"
0,89,0,89,"2018-10-18 02:01:32"
0,60,0,60,"2018-10-18 02:06:33"
0,45,0,45,"2018-10-18 02:11:32"
0,42,0,42,"2018-10-18 02:16:32"
0,37,0,37,"2018-10-18 02:21:31"
0,36,0,36,"2018-10-18 02:26:32"
0,35,0,35,"2018-10-18 02:31:32"
0,35,0,35,"2018-10-18 02:36:32"
0,32,0,32,"2018-10-18 02:41:31"
0,32,0,32,"2018-10-18 02:46:32"
0,31,0,31,"2018-10-18 02:51:31"
0,31,0,31,"2018-10-18 02:56:32"
0,30,0,30,"2018-10-18 03:01:33"
0,30,0,30,"2018-10-18 03:06:33"
0,30,0,30,"2018-10-18 03:11:31"
0,30,0,30,"2018-10-18 03:16:32"
0,30,0,30,"2018-10-18 03:21:33"
0,30,0,30,"2018-10-18 03:26:32"
0,30,0,30,"2018-10-18 03:31:32"
0,30,0,30,"2018-10-18 03:36:31"
0,30,0,30,"2018-10-18 03:41:31"
0,30,0,30,"2018-10-18 03:46:32"
0,30,0,30,"2018-10-18 03:51:31"
0,30,0,30,"2018-10-18 03:56:31"
0,30,0,30,"2018-10-18 04:01:32"
0,30,0,30,"2018-10-18 04:06:31"
0,30,0,30,"2018-10-18 04:11:31"
0,29,0,29,"2018-10-18 04:16:31"
0,29,0,29,"2018-10-18 04:21:31"
0,29,0,29,"2018-10-18 04:26:32"
0,29,0,29,"2018-10-18 04:34:43"
0,29,0,29,"2018-10-18 04:36:31"
0,29,0,29,"2018-10-18 04:41:31"
0,29,0,29,"2018-10-18 04:46:30"
0,29,0,29,"2018-10-18 04:51:31"
0,29,0,29,"2018-10-18 04:56:31"
0,33,0,33,"2018-10-18 05:01:31"
0,42,0,42,"2018-10-18 05:06:33"
0,57,0,57,"2018-10-18 05:11:33"
0,51,0,51,"2018-10-18 05:16:33"
0,54,0,54,"2018-10-18 05:21:32"
0,52,0,52,"2018-10-18 05:26:33"
0,58,0,58,"2018-10-18 05:31:32"
0,64,0,64,"2018-10-18 05:36:33"
0,65,0,65,"2018-10-18 05:41:32"
0,71,0,71,"2018-10-18 05:46:33"
0,77,0,77,"2018-10-18 05:51:32"
0,71,0,71,"2018-10-18 05:56:33"
0,60,0,60,"2018-10-18 06:01:32"
0,67,0,67,"2018-10-18 06:06:33"
0,71,0,71,"2018-10-18 06:11:32"
0,92,0,92,"2018-10-18 06:16:33"
0,100,0,100,"2018-10-18 06:21:32"
0,126,0,126,"2018-10-18 06:26:33"
0,136,1,135,"2018-10-18 06:31:32"
0,176,1,175,"2018-10-18 06:36:33"
0,203,2,201,"2018-10-18 06:41:33"
0,220,1,219,"2018-10-18 06:46:33"
0,226,1,225,"2018-10-18 06:51:32"
0,243,1,242,"2018-10-18 06:56:33"
0,212,0,212,"2018-10-18 07:01:32"
0,240,0,240,"2018-10-18 07:06:33"
0,285,1,284,"2018-10-18 07:11:32"
0,322,2,320,"2018-10-18 07:16:32"
0,370,2,368,"2018-10-18 07:21:32"
0,420,4,416,"2018-10-18 07:26:32"
0,453,6,447,"2018-10-18 07:31:32"
0,594,7,587,"2018-10-18 07:36:33"
0,745,7,738,"2018-10-18 07:41:32"
0,863,9,854,"2018-10-18 07:46:33"
0,914,11,903,"2018-10-18 07:51:32"
0,886,12,874,"2018-10-18 07:56:32"
0,770,10,760,"2018-10-18 08:01:33"
0,793,10,783,"2018-10-18 08:06:33"
0,847,11,836,"2018-10-18 08:11:32"
0,860,10,850,"2018-10-18 08:16:33"
0,892,14,878,"2018-10-18 08:21:32"
0,886,18,868,"2018-10-18 08:26:32"
0,892,20,872,"2018-10-18 08:31:33"
0,948,21,927,"2018-10-18 08:36:32"
0,1057,24,1033,"2018-10-18 08:41:33"
0,1127,26,1101,"2018-10-18 08:46:32"
0,1149,27,1122,"2018-10-18 08:51:33"
0,1034,19,1015,"2018-10-18 08:56:32"
0,920,14,906,"2018-10-18 09:01:33"
0,845,13,832,"2018-10-18 09:06:32"
0,823,12,811,"2018-10-18 09:11:32"
0,801,12,789,"2018-10-18 09:16:32"
0,785,11,774,"2018-10-18 09:21:32"
0,702,13,689,"2018-10-18 09:26:32"
0,644,9,635,"2018-10-18 09:31:32"
0,615,9,606,"2018-10-18 09:36:32"
0,609,9,600,"2018-10-18 09:41:32"
0,616,7,609,"2018-10-18 09:46:32"
0,571,7,564,"2018-10-18 09:51:32"
0,509,6,503,"2018-10-18 09:56:32"
0,461,6,455,"2018-10-18 10:01:33"
0,426,7,419,"2018-10-18 10:06:33"
0,375,7,368,"2018-10-18 10:11:32"
0,375,5,370,"2018-10-18 10:16:32"
0,378,5,373,"2018-10-18 10:21:32"
0,379,4,375,"2018-10-18 10:26:33"
0,365,4,361,"2018-10-18 10:31:32"
0,382,4,378,"2018-10-18 10:36:32"
0,393,2,391,"2018-10-18 10:41:32"
0,412,4,408,"2018-10-18 10:46:32"
0,417,3,414,"2018-10-18 10:51:32"
0,396,1,395,"2018-10-18 10:56:32"
0,369,0,369,"2018-10-18 11:01:33"
0,365,3,362,"2018-10-18 11:06:32"
0,358,4,354,"2018-10-18 11:11:32"
0,365,4,361,"2018-10-18 11:16:33"
0,364,4,360,"2018-10-18 11:21:32"
0,372,4,368,"2018-10-18 11:26:32"
0,386,3,383,"2018-10-18 11:31:32"
0,398,1,397,"2018-10-18 11:36:32"
0,421,1,420,"2018-10-18 11:41:32"
0,422,2,420,"2018-10-18 11:46:32"
0,440,2,438,"2018-10-18 11:51:32"
0,407,2,405,"2018-10-18 11:56:32"
0,370,2,368,"2018-10-18 12:01:32"
0,345,1,344,"2018-10-18 12:06:32"
0,251,0,251,"2018-10-18 12:11:32"
0,190,0,190,"2018-10-18 12:16:32"
0,153,0,153,"2018-10-18 12:21:32"
0,103,0,103,"2018-10-18 12:26:33"
0,117,0,117,"2018-10-18 12:31:32"
0,144,0,144,"2018-10-18 12:36:33"
0,144,0,144,"2018-10-18 12:41:32"
0,123,0,123,"2018-10-18 12:46:32"
0,102,0,102,"2018-10-18 12:51:32"
0,103,0,103,"2018-10-18 12:56:32"
0,95,0,95,"2018-10-18 13:01:32"
0,101,0,101,"2018-10-18 13:06:33"
0,107,0,107,"2018-10-18 13:11:32"
0,115,0,115,"2018-10-18 13:16:32"
0,126,0,126,"2018-10-18 13:21:32"
0,126,0,126,"2018-10-18 13:26:31"
0,125,1,124,"2018-10-18 13:31:32"
0,119,1,118,"2018-10-18 13:36:32"
0,106,1,105,"2018-10-18 13:41:32"
0,127,1,126,"2018-10-18 13:46:32"
0,124,1,123,"2018-10-18 13:51:32"
0,141,1,140,"2018-10-18 13:56:32"
0,181,1,180,"2018-10-18 14:01:32"
0,260,0,260,"2018-10-18 14:06:32"
0,329,1,328,"2018-10-18 14:11:32"
0,371,2,369,"2018-10-18 14:16:32"
0,380,4,376,"2018-10-18 14:21:32"
0,380,4,376,"2018-10-18 14:26:31"
0,375,4,371,"2018-10-18 14:31:32"
0,408,4,404,"2018-10-18 14:36:32"
0,477,3,474,"2018-10-18 14:41:32"
0,492,2,490,"2018-10-18 14:46:31"
0,485,2,483,"2018-10-18 14:51:32"
0,464,2,462,"2018-10-18 14:56:32"
0,409,2,407,"2018-10-18 15:01:33"
0,470,6,464,"2018-10-18 15:06:32"
0,501,6,495,"2018-10-18 15:11:32"
0,523,5,518,"2018-10-18 15:16:31"
0,498,5,493,"2018-10-18 15:21:32"
0,456,4,452,"2018-10-18 15:26:31"
0,423,6,417,"2018-10-18 15:31:32"
0,472,7,465,"2018-10-18 15:36:32"
0,502,7,495,"2018-10-18 15:41:31"
0,521,7,514,"2018-10-18 15:46:32"
0,535,5,530,"2018-10-18 15:51:31"
0,511,1,510,"2018-10-18 15:56:32"
0,471,1,470,"2018-10-18 16:01:32"
0,489,1,488,"2018-10-18 16:06:32"
0,509,5,504,"2018-10-18 16:11:31"
0,547,8,539,"2018-10-18 16:16:32"
0,552,8,544,"2018-10-18 16:21:31"
0,538,7,531,"2018-10-18 16:26:32"
0,531,7,524,"2018-10-18 16:31:31"
0,552,8,544,"2018-10-18 16:36:32"
0,574,7,567,"2018-10-18 16:41:32"
0,592,8,584,"2018-10-18 16:46:32"
0,560,6,554,"2018-10-18 16:51:32"
0,517,6,511,"2018-10-18 16:56:31"
0,489,5,484,"2018-10-18 17:01:32"
0,533,3,530,"2018-10-18 17:06:32"
0,647,6,641,"2018-10-18 17:11:32"
0,686,10,676,"2018-10-18 17:16:31"
0,682,13,669,"2018-10-18 17:21:32"
0,660,13,647,"2018-10-18 17:26:31"
0,654,10,644,"2018-10-18 17:31:32"
0,659,8,651,"2018-10-18 17:36:32"
0,750,8,742,"2018-10-18 17:41:31"
0,811,9,802,"2018-10-18 17:46:32"
0,815,8,807,"2018-10-18 17:51:31"
0,793,6,787,"2018-10-18 17:56:31"
0,767,6,761,"2018-10-18 18:01:31"
0,873,6,867,"2018-10-18 18:06:32"
0,1002,9,993,"2018-10-18 18:11:32"
0,1080,11,1069,"2018-10-18 18:16:31"
0,1075,13,1062,"2018-10-18 18:21:32"
0,1026,14,1012,"2018-10-18 18:26:31"
0,1011,9,1002,"2018-10-18 18:31:33"
0,1027,7,1020,"2018-10-18 18:36:32"
0,1069,12,1057,"2018-10-18 18:41:31"
0,1069,11,1058,"2018-10-18 18:46:32"
0,998,13,985,"2018-10-18 18:51:31"
0,914,17,897,"2018-10-18 18:56:31"
0,853,17,836,"2018-10-18 19:01:32"
0,876,18,858,"2018-10-18 19:06:32"
0,891,14,877,"2018-10-18 19:11:32"
0,894,18,876,"2018-10-18 19:16:32"
0,886,19,867,"2018-10-18 19:21:31"
0,854,18,836,"2018-10-18 19:26:32"
0,854,17,837,"2018-10-18 19:31:31"
0,860,13,847,"2018-10-18 19:36:31"
0,840,11,829,"2018-10-18 19:41:31"
0,813,11,802,"2018-10-18 19:46:31"
0,751,9,742,"2018-10-18 19:51:31"
0,733,8,725,"2018-10-18 19:56:32"
0,671,5,666,"2018-10-18 20:01:31"
0,695,6,689,"2018-10-18 20:06:32"
0,764,8,756,"2018-10-18 20:11:31"
0,747,8,739,"2018-10-18 20:16:32"
0,704,8,696,"2018-10-18 20:21:31"
0,690,8,682,"2018-10-18 20:26:32"
0,710,6,704,"2018-10-18 20:31:31"
0,691,7,684,"2018-10-18 20:36:31"
0,668,8,660,"2018-10-18 20:41:32"
0,676,8,668,"2018-10-18 20:46:32"
0,652,7,645,"2018-10-18 20:51:31"
0,637,9,628,"2018-10-18 20:56:32"
0,606,7,599,"2018-10-18 21:01:32"
0,598,5,593,"2018-10-18 21:06:31"
0,640,7,633,"2018-10-18 21:11:31"
0,608,7,601,"2018-10-18 21:16:31"
0,574,9,565,"2018-10-18 21:21:31"
0,537,7,530,"2018-10-18 21:26:31"
0,498,4,494,"2018-10-18 21:31:32"
0,505,5,500,"2018-10-18 21:36:31"
0,479,5,474,"2018-10-18 21:41:31"
0,464,5,459,"2018-10-18 21:46:31"
0,459,3,456,"2018-10-18 21:51:31"
0,409,4,405,"2018-10-18 21:56:31"
0,392,4,388,"2018-10-18 22:01:32"
0,378,3,375,"2018-10-18 22:06:31"
0,401,7,394,"2018-10-18 22:11:31"
0,401,5,396,"2018-10-18 22:16:32"
0,368,6,362,"2018-10-18 22:21:32"
0,346,4,342,"2018-10-18 22:26:31"
0,332,4,328,"2018-10-18 22:31:32"
0,336,4,332,"2018-10-18 22:36:31"
0,308,2,306,"2018-10-18 22:41:31"
0,293,3,290,"2018-10-18 22:46:31"
0,305,3,302,"2018-10-18 22:51:32"
0,311,4,307,"2018-10-18 22:56:31"
0,303,4,299,"2018-10-18 23:01:31"
0,293,4,289,"2018-10-18 23:06:31"
0,314,9,305,"2018-10-18 23:11:31"
0,321,11,310,"2018-10-18 23:16:31"
0,323,8,315,"2018-10-18 23:21:31"
0,319,8,311,"2018-10-18 23:26:31"
0,309,7,302,"2018-10-18 23:31:31"
0,309,7,302,"2018-10-18 23:36:31"
0,309,4,305,"2018-10-18 23:41:31"
0,293,3,290,"2018-10-18 23:46:31"
0,284,4,280,"2018-10-18 23:51:31"
0,306,3,303,"2018-10-18 23:56:31"
0,274,2,272,"2018-10-19 00:01:35"
0,281,2,279,"2018-10-19 00:06:32"
0,269,3,266,"2018-10-19 00:11:32"
0,260,3,257,"2018-10-19 00:16:32"
0,272,4,268,"2018-10-19 00:21:31"
0,289,4,285,"2018-10-19 00:26:31"
0,269,4,265,"2018-10-19 00:31:32"
0,257,2,255,"2018-10-19 00:36:32"
0,239,2,237,"2018-10-19 00:41:31"
0,221,2,219,"2018-10-19 00:46:31"
0,199,1,198,"2018-10-19 00:51:32"
0,191,3,188,"2018-10-19 00:56:32"
0,175,3,172,"2018-10-19 01:01:32"
0,167,3,164,"2018-10-19 01:06:32"
0,151,6,145,"2018-10-19 01:11:31"
0,142,5,137,"2018-10-19 01:16:32"
0,124,4,120,"2018-10-19 01:21:31"
0,112,2,110,"2018-10-19 01:26:31"
0,116,3,113,"2018-10-19 01:31:32"
0,119,4,115,"2018-10-19 01:36:31"
0,117,4,113,"2018-10-19 01:41:32"
0,120,6,114,"2018-10-19 01:46:31"
0,119,6,113,"2018-10-19 01:51:31"
0,111,6,105,"2018-10-19 01:56:32"
0,112,5,107,"2018-10-19 02:01:31"
0,90,4,86,"2018-10-19 02:06:32"
0,73,3,70,"2018-10-19 02:11:31"
0,71,3,68,"2018-10-19 02:16:31"
0,69,4,65,"2018-10-19 02:21:32"
0,67,3,64,"2018-10-19 02:26:31"
0,69,2,67,"2018-10-19 02:31:31"
0,70,2,68,"2018-10-19 02:36:31"
0,65,2,63,"2018-10-19 02:41:31"
0,64,2,62,"2018-10-19 02:46:31"
0,73,3,70,"2018-10-19 02:51:31"
0,73,3,70,"2018-10-19 02:56:31"
0,71,5,66,"2018-10-19 03:01:32"
0,59,4,55,"2018-10-19 03:06:33"
0,50,4,46,"2018-10-19 03:11:31"
0,46,4,42,"2018-10-19 03:16:31"
0,41,3,38,"2018-10-19 03:21:31"
0,40,2,38,"2018-10-19 03:26:33"
0,40,2,38,"2018-10-19 03:31:31"
0,40,2,38,"2018-10-19 03:36:31"
0,40,2,38,"2018-10-19 03:41:31"
0,40,2,38,"2018-10-19 03:46:32"
0,39,2,37,"2018-10-19 03:51:31"
0,39,2,37,"2018-10-19 03:56:31"
0,39,2,37,"2018-10-19 04:01:31"
0,39,2,37,"2018-10-19 04:06:31"
0,39,2,37,"2018-10-19 04:11:30"
0,39,2,37,"2018-10-19 04:16:31"
0,39,2,37,"2018-10-19 04:21:30"
0,39,2,37,"2018-10-19 04:26:31"
0,39,2,37,"2018-10-19 04:34:43"
0,39,2,37,"2018-10-19 04:36:30"
0,39,2,37,"2018-10-19 04:41:31"
0,39,2,37,"2018-10-19 04:46:30"
0,39,2,37,"2018-10-19 04:51:31"
0,39,2,37,"2018-10-19 04:56:30"
0,50,2,48,"2018-10-19 05:01:31"
0,54,3,51,"2018-10-19 05:06:33"
0,64,3,61,"2018-10-19 05:11:32"
0,74,3,71,"2018-10-19 05:16:32"
0,73,3,70,"2018-10-19 05:21:32"
0,71,3,68,"2018-10-19 05:26:32"
0,69,2,67,"2018-10-19 05:31:32"
0,74,2,72,"2018-10-19 05:36:33"
0,85,2,83,"2018-10-19 05:41:32"
0,89,2,87,"2018-10-19 05:46:33"
0,86,2,84,"2018-10-19 05:51:32"
0,72,2,70,"2018-10-19 05:56:32"
0,67,2,65,"2018-10-19 06:01:32"
0,66,2,64,"2018-10-19 06:06:32"
0,70,2,68,"2018-10-19 06:11:32"
0,84,2,82,"2018-10-19 06:16:32"
0,89,2,87,"2018-10-19 06:21:32"
0,104,2,102,"2018-10-19 06:26:32"
0,120,2,118,"2018-10-19 06:31:32"
0,146,3,143,"2018-10-19 06:36:32"
0,153,3,150,"2018-10-19 06:41:32"
0,167,3,164,"2018-10-19 06:46:33"
0,168,3,165,"2018-10-19 06:51:32"
0,143,3,140,"2018-10-19 06:56:32"
0,157,3,154,"2018-10-19 07:01:32"
0,182,2,180,"2018-10-19 07:06:32"
0,230,2,228,"2018-10-19 07:11:32"
0,252,2,250,"2018-10-19 07:16:32"
0,309,4,305,"2018-10-19 07:21:32"
0,369,4,365,"2018-10-19 07:26:32"
0,419,8,411,"2018-10-19 07:31:33"
0,530,10,520,"2018-10-19 07:36:32"
0,652,11,641,"2018-10-19 07:41:33"
0,759,12,747,"2018-10-19 07:46:32"
0,814,9,805,"2018-10-19 07:51:32"
0,829,10,819,"2018-10-19 07:56:32"
0,749,8,741,"2018-10-19 08:01:32"
0,703,9,694,"2018-10-19 08:06:33"
0,683,12,671,"2018-10-19 08:11:32"
0,728,13,715,"2018-10-19 08:16:32"
0,815,12,803,"2018-10-19 08:21:32"
0,879,13,866,"2018-10-19 08:26:32"
0,910,16,894,"2018-10-19 08:31:32"
0,964,16,948,"2018-10-19 08:36:32"
0,1050,19,1031,"2018-10-19 08:41:32"
0,1085,21,1064,"2018-10-19 08:46:32"
0,1045,19,1026,"2018-10-19 08:51:32"
0,935,18,917,"2018-10-19 08:56:32"
0,825,18,807,"2018-10-19 09:01:32"
0,777,19,758,"2018-10-19 09:06:33"
0,731,20,711,"2018-10-19 09:11:31"
0,716,16,700,"2018-10-19 09:16:32"
0,642,12,630,"2018-10-19 09:21:32"
0,627,10,617,"2018-10-19 09:26:32"
0,571,5,566,"2018-10-19 09:31:33"
0,520,3,517,"2018-10-19 09:36:32"
0,547,4,543,"2018-10-19 09:41:31"
0,568,3,565,"2018-10-19 09:46:32"
0,542,4,538,"2018-10-19 09:51:32"
0,483,5,478,"2018-10-19 09:56:32"
0,404,3,401,"2018-10-19 10:01:33"
0,381,4,377,"2018-10-19 10:06:32"
0,356,3,353,"2018-10-19 10:11:33"
0,353,5,348,"2018-10-19 10:16:32"
0,397,3,394,"2018-10-19 10:21:31"
0,378,1,377,"2018-10-19 10:26:32"
0,355,0,355,"2018-10-19 10:31:33"
0,359,0,359,"2018-10-19 10:36:32"
0,358,0,358,"2018-10-19 10:41:31"
0,358,0,358,"2018-10-19 10:46:32"
0,365,1,364,"2018-10-19 10:51:32"
0,366,1,365,"2018-10-19 10:56:32"
0,359,2,357,"2018-10-19 11:01:33"
0,362,2,360,"2018-10-19 11:06:32"
0,374,1,373,"2018-10-19 11:11:32"
0,375,1,374,"2018-10-19 11:16:31"
0,385,1,384,"2018-10-19 11:21:32"
0,338,1,337,"2018-10-19 11:26:32"
0,335,1,334,"2018-10-19 11:31:32"
0,348,0,348,"2018-10-19 11:36:32"
0,367,1,366,"2018-10-19 11:41:32"
0,411,2,409,"2018-10-19 11:46:32"
0,414,1,413,"2018-10-19 11:51:32"
0,418,1,417,"2018-10-19 11:56:31"
0,393,0,393,"2018-10-19 12:01:32"
0,428,1,427,"2018-10-19 12:06:32"
0,441,1,440,"2018-10-19 12:11:32"
0,433,1,432,"2018-10-19 12:16:31"
0,441,2,439,"2018-10-19 12:21:31"
0,428,1,427,"2018-10-19 12:26:32"
0,429,1,428,"2018-10-19 12:31:31"
0,446,0,446,"2018-10-19 12:36:32"
0,440,0,440,"2018-10-19 12:41:31"
0,436,2,434,"2018-10-19 12:46:32"
0,463,2,461,"2018-10-19 12:51:31"
0,412,2,410,"2018-10-19 12:56:32"
0,380,4,376,"2018-10-19 13:01:31"
0,415,5,410,"2018-10-19 13:06:32"
0,484,8,476,"2018-10-19 13:11:32"
0,526,10,516,"2018-10-19 13:16:31"
0,499,6,493,"2018-10-19 13:21:31"
0,482,3,479,"2018-10-19 13:26:31"
0,502,3,499,"2018-10-19 13:31:32"
0,520,6,514,"2018-10-19 13:36:31"
0,567,5,562,"2018-10-19 13:41:32"
0,598,4,594,"2018-10-19 13:46:31"
0,614,3,611,"2018-10-19 13:51:32"
0,587,2,585,"2018-10-19 13:56:32"
0,602,3,599,"2018-10-19 14:01:32"
0,678,4,674,"2018-10-19 14:06:32"
0,778,8,770,"2018-10-19 14:11:31"
0,816,8,808,"2018-10-19 14:16:32"
0,805,10,795,"2018-10-19 14:21:31"
0,827,13,814,"2018-10-19 14:26:31"
0,830,11,819,"2018-10-19 14:31:31"
0,872,13,859,"2018-10-19 14:36:31"
0,957,15,942,"2018-10-19 14:41:31"
0,948,15,933,"2018-10-19 14:46:32"
0,904,18,886,"2018-10-19 14:51:31"
0,833,14,819,"2018-10-19 14:56:32"
0,752,16,736,"2018-10-19 15:01:31"
0,821,14,807,"2018-10-19 15:06:31"
0,888,15,873,"2018-10-19 15:11:32"
0,904,16,888,"2018-10-19 15:16:31"
0,866,11,855,"2018-10-19 15:21:32"
0,821,9,812,"2018-10-19 15:26:31"
0,756,9,747,"2018-10-19 15:31:32"
0,755,15,740,"2018-10-19 15:36:31"
0,718,16,702,"2018-10-19 15:41:32"
0,737,12,725,"2018-10-19 15:46:31"
0,734,11,723,"2018-10-19 15:51:31"
0,663,8,655,"2018-10-19 15:56:32"
0,576,6,570,"2018-10-19 16:01:32"
0,570,9,561,"2018-10-19 16:06:32"
0,601,6,595,"2018-10-19 16:11:31"
0,681,8,673,"2018-10-19 16:16:31"
0,671,7,664,"2018-10-19 16:21:32"
0,599,5,594,"2018-10-19 16:26:31"
0,606,5,601,"2018-10-19 16:31:32"
0,626,6,620,"2018-10-19 16:36:31"
0,613,4,609,"2018-10-19 16:41:31"
0,658,4,654,"2018-10-19 16:46:31"
0,647,4,643,"2018-10-19 16:51:32"
0,582,5,577,"2018-10-19 16:56:31"
0,565,4,561,"2018-10-19 17:01:32"
0,606,5,601,"2018-10-19 17:06:32"
0,644,7,637,"2018-10-19 17:11:31"
0,603,8,595,"2018-10-19 17:16:32"
0,543,8,535,"2018-10-19 17:21:31"
0,494,8,486,"2018-10-19 17:26:31"
0,516,7,509,"2018-10-19 17:31:31"
0,497,6,491,"2018-10-19 17:36:31"
0,444,7,437,"2018-10-19 17:41:31"
0,348,5,343,"2018-10-19 17:46:30"
0,266,5,261,"2018-10-19 17:51:31"
0,182,4,178,"2018-10-19 17:56:32"
0,157,4,153,"2018-10-19 18:01:31"
0,136,4,132,"2018-10-19 18:06:32"
0,123,3,120,"2018-10-19 18:11:31"
0,118,1,117,"2018-10-19 18:16:31"
0,105,0,105,"2018-10-19 18:21:31"
0,102,0,102,"2018-10-19 18:26:31"
0,109,0,109,"2018-10-19 18:31:31"
0,136,0,136,"2018-10-19 18:36:31"
0,199,1,198,"2018-10-19 18:41:31"
0,221,1,220,"2018-10-19 18:46:31"
0,256,1,255,"2018-10-19 18:51:30"
0,262,0,262,"2018-10-19 18:56:31"
0,302,1,301,"2018-10-19 19:01:32"
0,312,1,311,"2018-10-19 19:06:31"
0,349,1,348,"2018-10-19 19:11:31"
0,320,1,319,"2018-10-19 19:16:31"
0,293,3,290,"2018-10-19 19:21:31"
0,268,2,266,"2018-10-19 19:26:31"
0,280,0,280,"2018-10-19 19:31:31"
0,248,0,248,"2018-10-19 19:36:31"
0,273,1,272,"2018-10-19 19:41:30"
0,304,1,303,"2018-10-19 19:46:31"
0,290,1,289,"2018-10-19 19:51:31"
0,278,1,277,"2018-10-19 19:56:30"
0,258,2,256,"2018-10-19 20:01:31"
0,231,2,229,"2018-10-19 20:06:32"
0,227,3,224,"2018-10-19 20:11:31"
0,237,3,234,"2018-10-19 20:16:30"
0,241,3,238,"2018-10-19 20:21:31"
0,223,2,221,"2018-10-19 20:26:31"
0,175,1,174,"2018-10-19 20:31:31"
0,164,1,163,"2018-10-19 20:36:30"
0,166,0,166,"2018-10-19 20:41:31"
0,162,0,162,"2018-10-19 20:46:30"
0,170,1,169,"2018-10-19 20:51:31"
0,163,1,162,"2018-10-19 20:56:31"
0,158,2,156,"2018-10-19 21:01:31"
0,155,2,153,"2018-10-19 21:06:31"
0,156,3,153,"2018-10-19 21:11:31"
0,162,2,160,"2018-10-19 21:16:30"
0,173,1,172,"2018-10-19 21:21:31"
0,180,1,179,"2018-10-19 21:26:31"
0,187,1,186,"2018-10-19 21:31:31"
0,182,1,181,"2018-10-19 21:36:30"
0,175,1,174,"2018-10-19 21:41:31"
0,155,0,155,"2018-10-19 21:46:31"
0,126,0,126,"2018-10-19 21:51:30"
0,122,2,120,"2018-10-19 21:56:31"
0,114,2,112,"2018-10-19 22:01:31"
0,115,0,115,"2018-10-19 22:06:31"
0,119,0,119,"2018-10-19 22:11:31"
0,113,1,112,"2018-10-19 22:16:30"
0,104,1,103,"2018-10-19 22:21:31"
0,106,1,105,"2018-10-19 22:26:30"
0,103,1,102,"2018-10-19 22:31:31"
0,116,1,115,"2018-10-19 22:36:30"
0,101,0,101,"2018-10-19 22:41:31"
0,91,0,91,"2018-10-19 22:46:30"
0,78,0,78,"2018-10-19 22:51:30"
0,69,1,68,"2018-10-19 22:56:31"
0,72,0,72,"2018-10-19 23:01:31"
0,84,0,84,"2018-10-19 23:06:31"
0,110,1,109,"2018-10-19 23:11:30"
0,114,2,112,"2018-10-19 23:16:31"
0,124,2,122,"2018-10-19 23:21:31"
0,128,1,127,"2018-10-19 23:26:31"
0,132,1,131,"2018-10-19 23:31:30"
0,120,1,119,"2018-10-19 23:36:31"
0,106,1,105,"2018-10-19 23:41:30"
0,92,1,91,"2018-10-19 23:46:31"
0,92,2,90,"2018-10-19 23:51:31"
0,91,1,90,"2018-10-19 23:56:30"
0,103,1,102,"2018-10-20 00:01:32"
0,105,2,103,"2018-10-20 00:06:31"
0,129,2,127,"2018-10-20 00:11:31"
0,155,3,152,"2018-10-20 00:16:31"
0,155,1,154,"2018-10-20 00:21:31"
0,131,2,129,"2018-10-20 00:26:31"
0,110,1,109,"2018-10-20 00:31:32"
0,85,0,85,"2018-10-20 00:36:32"
0,91,0,91,"2018-10-20 00:41:31"
0,73,0,73,"2018-10-20 00:46:31"
0,69,0,69,"2018-10-20 00:51:31"
0,71,0,71,"2018-10-20 00:56:31"
0,57,0,57,"2018-10-20 01:01:32"
0,40,0,40,"2018-10-20 01:06:32"
0,42,0,42,"2018-10-20 01:11:30"
0,38,0,38,"2018-10-20 01:16:31"
0,46,0,46,"2018-10-20 01:21:31"
0,43,0,43,"2018-10-20 01:26:31"
0,37,0,37,"2018-10-20 01:31:31"
0,40,0,40,"2018-10-20 01:36:30"
0,46,0,46,"2018-10-20 01:41:31"
0,42,0,42,"2018-10-20 01:46:31"
0,48,1,47,"2018-10-20 01:51:31"
0,50,1,49,"2018-10-20 01:56:31"
0,41,1,40,"2018-10-20 02:01:31"
0,36,1,35,"2018-10-20 02:06:32"
0,40,1,39,"2018-10-20 02:11:30"
0,36,1,35,"2018-10-20 02:16:31"
0,31,0,31,"2018-10-20 02:21:31"
0,32,0,32,"2018-10-20 02:26:31"
0,31,0,31,"2018-10-20 02:31:31"
0,26,0,26,"2018-10-20 02:36:31"
0,26,0,26,"2018-10-20 02:41:31"
0,28,0,28,"2018-10-20 02:46:31"
0,27,0,27,"2018-10-20 02:51:31"
0,34,0,34,"2018-10-20 02:56:31"
0,34,0,34,"2018-10-20 03:01:31"
0,22,0,22,"2018-10-20 03:06:31"
0,22,0,22,"2018-10-20 03:11:31"
0,27,0,27,"2018-10-20 03:16:30"
0,32,0,32,"2018-10-20 03:21:31"
0,37,0,37,"2018-10-20 03:26:31"
0,47,0,47,"2018-10-20 03:31:31"
0,47,0,47,"2018-10-20 03:36:31"
0,54,0,54,"2018-10-20 03:41:31"
0,64,0,64,"2018-10-20 03:46:31"
0,51,0,51,"2018-10-20 03:51:31"
0,50,1,49,"2018-10-20 03:56:30"
0,50,1,49,"2018-10-20 04:01:30"
0,50,1,49,"2018-10-20 04:06:31"
0,58,1,57,"2018-10-20 04:11:30"
0,55,1,54,"2018-10-20 04:16:30"
0,48,0,48,"2018-10-20 04:21:30"
0,49,0,49,"2018-10-20 04:26:30"
0,39,0,39,"2018-10-20 04:34:42"
0,42,0,42,"2018-10-20 04:36:30"
0,39,0,39,"2018-10-20 04:41:30"
0,41,0,41,"2018-10-20 04:46:30"
0,42,0,42,"2018-10-20 04:51:30"
0,46,0,46,"2018-10-20 04:56:30"
0,51,0,51,"2018-10-20 05:01:30"
0,46,0,46,"2018-10-20 05:06:32"
0,40,0,40,"2018-10-20 05:11:32"
0,55,0,55,"2018-10-20 05:16:32"
0,61,0,61,"2018-10-20 05:21:32"
0,62,0,62,"2018-10-20 05:26:32"
0,63,0,63,"2018-10-20 05:31:32"
0,56,0,56,"2018-10-20 05:36:32"
0,56,0,56,"2018-10-20 05:41:31"
0,55,0,55,"2018-10-20 05:46:32"
0,54,0,54,"2018-10-20 05:51:32"
0,52,0,52,"2018-10-20 05:56:32"
0,53,1,52,"2018-10-20 06:01:33"
0,57,1,56,"2018-10-20 06:06:32"
0,61,1,60,"2018-10-20 06:11:32"
0,59,2,57,"2018-10-20 06:16:31"
0,67,1,66,"2018-10-20 06:21:32"
0,80,0,80,"2018-10-20 06:26:31"
0,88,0,88,"2018-10-20 06:31:32"
0,91,0,91,"2018-10-20 06:36:32"
0,85,0,85,"2018-10-20 06:41:32"
0,79,0,79,"2018-10-20 06:46:32"
0,68,0,68,"2018-10-20 06:51:32"
0,74,0,74,"2018-10-20 06:56:32"
0,76,0,76,"2018-10-20 07:01:32"
0,89,0,89,"2018-10-20 07:06:32"
0,91,0,91,"2018-10-20 07:11:32"
0,85,0,85,"2018-10-20 07:16:31"
0,86,0,86,"2018-10-20 07:21:32"
0,84,0,84,"2018-10-20 07:26:31"
0,102,2,100,"2018-10-20 07:31:32"
0,119,2,117,"2018-10-20 07:36:31"
0,134,0,134,"2018-10-20 07:41:32"
0,141,0,141,"2018-10-20 07:46:31"
0,131,0,131,"2018-10-20 07:51:31"
0,104,0,104,"2018-10-20 07:56:32"
0,93,0,93,"2018-10-20 08:01:32"
0,101,0,101,"2018-10-20 08:06:32"
0,112,0,112,"2018-10-20 08:11:31"
0,113,0,113,"2018-10-20 08:16:31"
0,124,0,124,"2018-10-20 08:21:31"
0,146,1,145,"2018-10-20 08:26:32"
0,157,1,156,"2018-10-20 08:31:32"
0,163,0,163,"2018-10-20 08:36:31"
0,207,0,207,"2018-10-20 08:41:31"
0,232,0,232,"2018-10-20 08:46:32"
0,254,1,253,"2018-10-20 08:51:31"
0,225,1,224,"2018-10-20 08:56:31"
0,195,1,194,"2018-10-20 09:01:31"
0,178,0,178,"2018-10-20 09:06:31"
0,189,0,189,"2018-10-20 09:11:32"
0,200,0,200,"2018-10-20 09:16:31"
0,210,0,210,"2018-10-20 09:21:32"
0,203,0,203,"2018-10-20 09:26:32"
0,231,3,228,"2018-10-20 09:31:31"
0,221,2,219,"2018-10-20 09:36:31"
0,245,1,244,"2018-10-20 09:41:31"
0,260,1,259,"2018-10-20 09:46:32"
0,302,1,301,"2018-10-20 09:51:31"
0,296,0,296,"2018-10-20 09:56:31"
0,293,0,293,"2018-10-20 10:01:31"
0,262,2,260,"2018-10-20 10:06:32"
0,281,2,279,"2018-10-20 10:11:31"
0,275,3,272,"2018-10-20 10:16:32"
0,278,5,273,"2018-10-20 10:21:32"
0,283,6,277,"2018-10-20 10:26:31"
0,289,5,284,"2018-10-20 10:31:32"
0,306,6,300,"2018-10-20 10:36:32"
0,308,4,304,"2018-10-20 10:41:31"
0,322,2,320,"2018-10-20 10:46:31"
0,347,2,345,"2018-10-20 10:51:32"
0,334,2,332,"2018-10-20 10:56:31"
0,325,5,320,"2018-10-20 11:01:32"
0,311,4,307,"2018-10-20 11:06:32"
0,312,4,308,"2018-10-20 11:11:31"
0,330,2,328,"2018-10-20 11:16:32"
0,349,2,347,"2018-10-20 11:21:31"
0,324,1,323,"2018-10-20 11:26:31"
0,311,1,310,"2018-10-20 11:31:32"
0,351,3,348,"2018-10-20 11:36:32"
0,356,2,354,"2018-10-20 11:41:31"
0,384,1,383,"2018-10-20 11:46:31"
0,389,2,387,"2018-10-20 11:51:31"
0,387,1,386,"2018-10-20 11:56:31"
0,381,1,380,"2018-10-20 12:01:32"
0,356,1,355,"2018-10-20 12:06:32"
0,367,2,365,"2018-10-20 12:11:31"
0,393,2,391,"2018-10-20 12:16:32"
0,426,3,423,"2018-10-20 12:21:31"
0,419,1,418,"2018-10-20 12:26:32"
0,433,2,431,"2018-10-20 12:31:31"
0,450,1,449,"2018-10-20 12:36:31"
0,431,2,429,"2018-10-20 12:41:31"
0,429,2,427,"2018-10-20 12:46:32"
0,430,5,425,"2018-10-20 12:51:31"
0,461,4,457,"2018-10-20 12:56:31"
0,436,5,431,"2018-10-20 13:01:32"
0,431,3,428,"2018-10-20 13:06:32"
0,450,2,448,"2018-10-20 13:11:31"
0,426,0,426,"2018-10-20 13:16:30"
0,450,0,450,"2018-10-20 13:21:31"
0,457,0,457,"2018-10-20 13:26:31"
0,466,0,466,"2018-10-20 13:31:31"
0,467,0,467,"2018-10-20 13:36:31"
0,472,2,470,"2018-10-20 13:41:31"
0,458,5,453,"2018-10-20 13:46:31"
0,441,6,435,"2018-10-20 13:51:30"
0,458,4,454,"2018-10-20 13:56:31"
0,490,4,486,"2018-10-20 14:01:32"
0,513,5,508,"2018-10-20 14:06:31"
0,507,6,501,"2018-10-20 14:11:31"
0,509,7,502,"2018-10-20 14:16:31"
0,485,5,480,"2018-10-20 14:21:31"
0,517,6,511,"2018-10-20 14:26:30"
0,514,7,507,"2018-10-20 14:31:31"
0,490,6,484,"2018-10-20 14:36:31"
0,470,6,464,"2018-10-20 14:41:31"
0,467,4,463,"2018-10-20 14:46:31"
0,459,4,455,"2018-10-20 14:51:31"
0,413,4,409,"2018-10-20 14:56:31"
0,398,1,397,"2018-10-20 15:01:31"
0,402,2,400,"2018-10-20 15:06:32"
0,392,2,390,"2018-10-20 15:11:31"
0,415,5,410,"2018-10-20 15:16:31"
0,424,7,417,"2018-10-20 15:21:31"
0,398,4,394,"2018-10-20 15:26:31"
0,381,3,378,"2018-10-20 15:31:31"
0,408,2,406,"2018-10-20 15:36:31"
0,423,3,420,"2018-10-20 15:41:31"
0,436,3,433,"2018-10-20 15:46:31"
0,440,4,436,"2018-10-20 15:51:30"
0,416,7,409,"2018-10-20 15:56:31"
0,431,4,427,"2018-10-20 16:01:31"
0,416,4,412,"2018-10-20 16:06:31"
0,430,4,426,"2018-10-20 16:11:31"
0,414,4,410,"2018-10-20 16:16:30"
0,433,2,431,"2018-10-20 16:21:31"
0,444,2,442,"2018-10-20 16:26:31"
0,450,0,450,"2018-10-20 16:31:31"
0,459,2,457,"2018-10-20 16:36:30"
0,485,2,483,"2018-10-20 16:41:31"
0,491,3,488,"2018-10-20 16:46:31"
0,504,3,501,"2018-10-20 16:51:31"
0,436,5,431,"2018-10-20 16:56:31"
0,440,6,434,"2018-10-20 17:01:31"
0,464,6,458,"2018-10-20 17:06:31"
0,463,8,455,"2018-10-20 17:11:31"
0,470,7,463,"2018-10-20 17:16:30"
0,480,10,470,"2018-10-20 17:21:31"
0,475,12,463,"2018-10-20 17:26:31"
0,505,9,496,"2018-10-20 17:31:31"
0,506,9,497,"2018-10-20 17:36:30"
0,516,9,507,"2018-10-20 17:41:31"
0,544,12,532,"2018-10-20 17:46:31"
0,537,9,528,"2018-10-20 17:51:31"
0,493,10,483,"2018-10-20 17:56:31"
0,462,10,452,"2018-10-20 18:01:30"
0,490,7,483,"2018-10-20 18:06:31"
0,520,5,515,"2018-10-20 18:11:31"
0,535,5,530,"2018-10-20 18:16:30"
0,512,7,505,"2018-10-20 18:21:30"
0,511,7,504,"2018-10-20 18:26:30"
0,537,7,530,"2018-10-20 18:31:31"
0,552,6,546,"2018-10-20 18:36:30"
0,545,6,539,"2018-10-20 18:41:31"
0,540,4,536,"2018-10-20 18:46:30"
0,552,2,550,"2018-10-20 18:51:32"
0,521,2,519,"2018-10-20 18:56:31"
0,541,3,538,"2018-10-20 19:01:31"
0,567,4,563,"2018-10-20 19:06:31"
0,569,5,564,"2018-10-20 19:11:31"
0,595,9,586,"2018-10-20 19:16:30"
0,597,11,586,"2018-10-20 19:21:31"
0,587,8,579,"2018-10-20 19:26:30"
0,550,7,543,"2018-10-20 19:31:31"
0,545,3,542,"2018-10-20 19:36:30"
0,498,7,491,"2018-10-20 19:41:31"
0,538,8,530,"2018-10-20 19:46:30"
0,517,6,511,"2018-10-20 19:51:31"
0,508,8,500,"2018-10-20 19:56:31"
0,496,6,490,"2018-10-20 20:01:30"
0,512,8,504,"2018-10-20 20:06:31"
0,548,4,544,"2018-10-20 20:11:30"
0,528,4,524,"2018-10-20 20:16:31"
0,515,4,511,"2018-10-20 20:21:31"
0,522,5,517,"2018-10-20 20:26:30"
0,525,3,522,"2018-10-20 20:31:31"
0,555,5,550,"2018-10-20 20:36:30"
0,524,5,519,"2018-10-20 20:41:32"
0,507,3,504,"2018-10-20 20:46:30"
0,496,4,492,"2018-10-20 20:51:30"
0,503,4,499,"2018-10-20 20:56:31"
0,473,5,468,"2018-10-20 21:01:31"
0,469,5,464,"2018-10-20 21:06:30"
0,490,4,486,"2018-10-20 21:11:31"
0,449,3,446,"2018-10-20 21:16:30"
0,406,2,404,"2018-10-20 21:21:30"
0,397,1,396,"2018-10-20 21:26:30"
0,372,1,371,"2018-10-20 21:31:31"
0,368,1,367,"2018-10-20 21:36:30"
0,348,1,347,"2018-10-20 21:41:31"
0,327,1,326,"2018-10-20 21:46:30"
0,330,1,329,"2018-10-20 21:51:30"
0,303,1,302,"2018-10-20 21:56:31"
0,304,2,302,"2018-10-20 22:01:30"
0,294,1,293,"2018-10-20 22:06:30"
0,288,1,287,"2018-10-20 22:11:30"
0,306,0,306,"2018-10-20 22:16:30"
0,296,0,296,"2018-10-20 22:21:31"
0,277,0,277,"2018-10-20 22:26:30"
0,279,0,279,"2018-10-20 22:31:31"
0,285,0,285,"2018-10-20 22:36:30"
0,298,0,298,"2018-10-20 22:41:31"
0,306,2,304,"2018-10-20 22:46:30"
0,354,4,350,"2018-10-20 22:51:30"
0,375,5,370,"2018-10-20 22:56:30"
0,362,4,358,"2018-10-20 23:01:30"
0,362,4,358,"2018-10-20 23:06:31"
0,352,4,348,"2018-10-20 23:11:30"
0,339,5,334,"2018-10-20 23:16:30"
0,337,4,333,"2018-10-20 23:21:31"
0,328,6,322,"2018-10-20 23:26:30"
0,319,5,314,"2018-10-20 23:31:30"
0,326,6,320,"2018-10-20 23:36:30"
0,325,5,320,"2018-10-20 23:41:31"
0,323,4,319,"2018-10-20 23:46:30"
0,332,1,331,"2018-10-20 23:51:30"
0,323,1,322,"2018-10-20 23:56:30"
0,264,3,261,"2018-10-21 00:01:32"
0,276,3,273,"2018-10-21 00:06:31"
0,290,4,286,"2018-10-21 00:11:31"
0,297,5,292,"2018-10-21 00:16:31"
0,287,4,283,"2018-10-21 00:21:30"
0,288,4,284,"2018-10-21 00:26:30"
0,286,5,281,"2018-10-21 00:31:31"
0,302,7,295,"2018-10-21 00:36:30"
0,292,6,286,"2018-10-21 00:41:31"
0,275,6,269,"2018-10-21 00:46:31"
0,277,5,272,"2018-10-21 00:51:30"
0,259,5,254,"2018-10-21 00:56:30"
0,242,4,238,"2018-10-21 01:01:31"
0,270,4,266,"2018-10-21 01:06:30"
0,272,4,268,"2018-10-21 01:11:31"
0,264,4,260,"2018-10-21 01:16:30"
0,253,5,248,"2018-10-21 01:21:31"
0,215,5,210,"2018-10-21 01:26:31"
0,225,6,219,"2018-10-21 01:31:30"
0,194,4,190,"2018-10-21 01:36:30"
0,185,5,180,"2018-10-21 01:41:31"
0,184,6,178,"2018-10-21 01:46:31"
0,197,7,190,"2018-10-21 01:51:30"
0,188,6,182,"2018-10-21 01:56:30"
0,191,5,186,"2018-10-21 02:01:31"
0,137,3,134,"2018-10-21 02:06:31"
0,164,3,161,"2018-10-21 02:11:30"
0,126,3,123,"2018-10-21 02:16:30"
0,143,3,140,"2018-10-21 02:21:31"
0,106,3,103,"2018-10-21 02:26:31"
0,132,3,129,"2018-10-21 02:31:30"
0,133,3,130,"2018-10-21 02:36:30"
0,144,3,141,"2018-10-21 02:41:30"
0,135,5,130,"2018-10-21 02:46:31"
0,140,3,137,"2018-10-21 02:51:30"
0,145,3,142,"2018-10-21 02:56:30"
0,155,2,153,"2018-10-21 03:01:31"
0,147,3,144,"2018-10-21 03:06:31"
0,145,3,142,"2018-10-21 03:11:30"
0,163,2,161,"2018-10-21 03:16:30"
0,162,2,160,"2018-10-21 03:21:30"
0,169,2,167,"2018-10-21 03:26:30"
0,157,2,155,"2018-10-21 03:31:31"
0,156,2,154,"2018-10-21 03:36:31"
0,142,2,140,"2018-10-21 03:41:30"
0,127,2,125,"2018-10-21 03:46:30"
0,119,2,117,"2018-10-21 03:51:30"
0,126,2,124,"2018-10-21 03:56:29"
0,120,3,117,"2018-10-21 04:01:30"
0,114,3,111,"2018-10-21 04:06:30"
0,116,3,113,"2018-10-21 04:11:29"
0,117,2,115,"2018-10-21 04:16:30"
0,119,4,115,"2018-10-21 04:21:29"
0,127,4,123,"2018-10-21 04:26:30"
0,124,4,120,"2018-10-21 04:34:38"
0,118,5,113,"2018-10-21 04:36:29"
0,105,5,100,"2018-10-21 04:41:30"
0,105,3,102,"2018-10-21 04:46:30"
0,107,3,104,"2018-10-21 04:51:29"
0,101,4,97,"2018-10-21 04:56:30"
0,95,4,91,"2018-10-21 05:01:30"
0,93,3,90,"2018-10-21 05:06:31"
0,89,3,86,"2018-10-21 05:11:32"
0,93,2,91,"2018-10-21 05:16:31"
0,99,2,97,"2018-10-21 05:21:31"
0,100,2,98,"2018-10-21 05:26:32"
0,108,2,106,"2018-10-21 05:31:31"
0,106,2,104,"2018-10-21 05:36:31"
0,108,2,106,"2018-10-21 05:41:31"
0,101,2,99,"2018-10-21 05:46:31"
0,98,2,96,"2018-10-21 05:51:31"
0,93,3,90,"2018-10-21 05:56:32"
0,104,3,101,"2018-10-21 06:01:31"
0,100,2,98,"2018-10-21 06:06:32"
0,116,4,112,"2018-10-21 06:11:31"
0,123,4,119,"2018-10-21 06:16:32"
0,123,2,121,"2018-10-21 06:21:31"
0,125,2,123,"2018-10-21 06:26:31"
0,119,2,117,"2018-10-21 06:31:32"
0,117,2,115,"2018-10-21 06:36:31"
0,104,3,101,"2018-10-21 06:41:32"
0,103,3,100,"2018-10-21 06:46:31"
0,96,3,93,"2018-10-21 06:51:31"
0,79,3,76,"2018-10-21 06:56:31"
0,78,3,75,"2018-10-21 07:01:32"
0,79,2,77,"2018-10-21 07:06:31"
0,86,2,84,"2018-10-21 07:11:31"
0,103,2,101,"2018-10-21 07:16:31"
0,101,2,99,"2018-10-21 07:21:30"
0,102,4,98,"2018-10-21 07:26:31"
0,104,4,100,"2018-10-21 07:31:32"
0,111,3,108,"2018-10-21 07:36:31"
0,119,2,117,"2018-10-21 07:41:31"
0,128,2,126,"2018-10-21 07:46:31"
0,138,2,136,"2018-10-21 07:51:31"
0,123,2,121,"2018-10-21 07:56:31"
0,105,2,103,"2018-10-21 08:01:32"
0,110,2,108,"2018-10-21 08:06:31"
0,125,2,123,"2018-10-21 08:11:31"
0,126,2,124,"2018-10-21 08:16:31"
0,134,2,132,"2018-10-21 08:21:31"
0,137,3,134,"2018-10-21 08:26:31"
0,132,3,129,"2018-10-21 08:31:32"
0,132,2,130,"2018-10-21 08:36:31"
0,144,2,142,"2018-10-21 08:41:31"
0,137,2,135,"2018-10-21 08:46:31"
0,154,2,152,"2018-10-21 08:51:31"
0,152,2,150,"2018-10-21 08:56:30"
0,127,2,125,"2018-10-21 09:01:32"
0,127,2,125,"2018-10-21 09:06:31"
0,151,2,149,"2018-10-21 09:11:30"
0,135,2,133,"2018-10-21 09:16:31"
0,153,2,151,"2018-10-21 09:21:31"
0,159,3,156,"2018-10-21 09:26:31"
0,171,3,168,"2018-10-21 09:31:32"
0,192,3,189,"2018-10-21 09:36:31"
0,207,3,204,"2018-10-21 09:41:30"
0,222,3,219,"2018-10-21 09:46:31"
0,221,4,217,"2018-10-21 09:51:31"
0,220,5,215,"2018-10-21 09:56:30"
0,186,3,183,"2018-10-21 10:01:31"
0,174,3,171,"2018-10-21 10:06:32"
0,176,4,172,"2018-10-21 10:11:31"
0,202,5,197,"2018-10-21 10:16:30"
0,220,5,215,"2018-10-21 10:21:31"
0,229,4,225,"2018-10-21 10:26:31"
0,233,2,231,"2018-10-21 10:31:31"
0,260,2,258,"2018-10-21 10:36:31"
0,278,3,275,"2018-10-21 10:41:31"
0,286,3,283,"2018-10-21 10:46:30"
0,296,3,293,"2018-10-21 10:51:31"
0,297,2,295,"2018-10-21 10:56:31"
0,299,2,297,"2018-10-21 11:01:31"
0,295,2,293,"2018-10-21 11:06:31"
0,295,3,292,"2018-10-21 11:11:31"
0,306,3,303,"2018-10-21 11:16:31"
0,312,4,308,"2018-10-21 11:21:31"
0,306,3,303,"2018-10-21 11:26:31"
0,323,3,320,"2018-10-21 11:31:31"
0,384,3,381,"2018-10-21 11:36:31"
0,403,4,399,"2018-10-21 11:41:30"
0,416,4,412,"2018-10-21 11:46:30"
0,406,4,402,"2018-10-21 11:51:31"
0,388,3,385,"2018-10-21 11:56:30"
0,382,3,379,"2018-10-21 12:01:31"
0,420,3,417,"2018-10-21 12:06:31"
0,417,3,414,"2018-10-21 12:11:31"
0,421,4,417,"2018-10-21 12:16:31"
0,416,4,412,"2018-10-21 12:21:30"
0,422,6,416,"2018-10-21 12:26:31"
0,434,6,428,"2018-10-21 12:31:31"
0,440,5,435,"2018-10-21 12:36:30"
0,466,3,463,"2018-10-21 12:41:30"
0,463,4,459,"2018-10-21 12:46:31"
0,474,4,470,"2018-10-21 12:51:30"
0,473,4,469,"2018-10-21 12:56:31"
0,440,4,436,"2018-10-21 13:01:30"
0,424,4,420,"2018-10-21 13:06:31"
0,430,6,424,"2018-10-21 13:11:31"
0,463,7,456,"2018-10-21 13:16:30"
0,460,7,453,"2018-10-21 13:21:31"
0,474,6,468,"2018-10-21 13:26:31"
0,468,5,463,"2018-10-21 13:31:31"
0,469,5,464,"2018-10-21 13:36:30"
0,452,6,446,"2018-10-21 13:41:31"
0,455,7,448,"2018-10-21 13:46:31"
0,477,10,467,"2018-10-21 13:51:30"
0,496,8,488,"2018-10-21 13:56:30"
0,484,7,477,"2018-10-21 14:01:30"
0,481,5,476,"2018-10-21 14:06:31"
0,476,6,470,"2018-10-21 14:11:31"
0,507,8,499,"2018-10-21 14:16:30"
0,518,7,511,"2018-10-21 14:21:31"
0,509,8,501,"2018-10-21 14:26:30"
0,446,7,439,"2018-10-21 14:31:31"
0,448,10,438,"2018-10-21 14:36:30"
0,448,8,440,"2018-10-21 14:41:31"
0,445,7,438,"2018-10-21 14:46:30"
0,431,6,425,"2018-10-21 14:51:30"
0,419,7,412,"2018-10-21 14:56:31"
0,414,8,406,"2018-10-21 15:01:30"
0,446,8,438,"2018-10-21 15:06:31"
0,405,9,396,"2018-10-21 15:11:31"
0,382,7,375,"2018-10-21 15:16:30"
0,371,6,365,"2018-10-21 15:21:30"
0,375,6,369,"2018-10-21 15:26:30"
0,371,9,362,"2018-10-21 15:31:31"
0,409,11,398,"2018-10-21 15:36:30"
0,413,9,404,"2018-10-21 15:41:31"
0,412,8,404,"2018-10-21 15:46:30"
0,435,8,427,"2018-10-21 15:51:31"
0,419,9,410,"2018-10-21 15:56:30"
0,421,8,413,"2018-10-21 16:01:31"
0,440,9,431,"2018-10-21 16:06:31"
0,451,9,442,"2018-10-21 16:11:30"
0,469,10,459,"2018-10-21 16:16:30"
0,468,10,458,"2018-10-21 16:21:30"
0,477,13,464,"2018-10-21 16:26:30"
0,477,15,462,"2018-10-21 16:31:30"
0,491,15,476,"2018-10-21 16:36:30"
0,508,16,492,"2018-10-21 16:41:31"
0,506,15,491,"2018-10-21 16:46:30"
0,509,15,494,"2018-10-21 16:51:30"
0,482,15,467,"2018-10-21 16:56:30"
0,458,13,445,"2018-10-21 17:01:30"
0,447,14,433,"2018-10-21 17:06:31"
0,464,11,453,"2018-10-21 17:11:30"
0,455,9,446,"2018-10-21 17:16:30"
0,480,9,471,"2018-10-21 17:21:30"
0,494,10,484,"2018-10-21 17:26:31"
0,512,8,504,"2018-10-21 17:31:30"
0,532,4,528,"2018-10-21 17:36:30"
0,513,6,507,"2018-10-21 17:41:30"
0,516,6,510,"2018-10-21 17:46:30"
0,506,6,500,"2018-10-21 17:51:30"
0,486,6,480,"2018-10-21 17:56:30"
0,490,7,483,"2018-10-21 18:01:30"
0,508,8,500,"2018-10-21 18:06:30"
0,496,8,488,"2018-10-21 18:11:30"
0,511,6,505,"2018-10-21 18:16:30"
0,522,5,517,"2018-10-21 18:21:30"
0,512,5,507,"2018-10-21 18:26:30"
0,518,4,514,"2018-10-21 18:31:30"
0,540,5,535,"2018-10-21 18:36:30"
0,552,7,545,"2018-10-21 18:41:30"
0,528,7,521,"2018-10-21 18:46:31"
0,508,9,499,"2018-10-21 18:51:30"
0,509,10,499,"2018-10-21 18:56:30"
0,503,11,492,"2018-10-21 19:01:30"
0,474,11,463,"2018-10-21 19:06:30"
0,479,12,467,"2018-10-21 19:11:30"
0,489,8,481,"2018-10-21 19:16:29"
0,462,8,454,"2018-10-21 19:21:30"
0,470,7,463,"2018-10-21 19:26:30"
0,466,8,458,"2018-10-21 19:31:30"
0,484,10,474,"2018-10-21 19:36:29"
0,482,9,473,"2018-10-21 19:41:30"
0,478,7,471,"2018-10-21 19:46:30"
0,475,8,467,"2018-10-21 19:51:30"
0,471,8,463,"2018-10-21 19:56:30"
0,456,8,448,"2018-10-21 20:01:31"
0,451,8,443,"2018-10-21 20:06:30"
0,438,8,430,"2018-10-21 20:11:30"
0,424,8,416,"2018-10-21 20:16:29"
0,433,8,425,"2018-10-21 20:21:30"
0,451,8,443,"2018-10-21 20:26:30"
0,416,7,409,"2018-10-21 20:31:30"
0,410,8,402,"2018-10-21 20:36:29"
0,417,8,409,"2018-10-21 20:41:30"
0,398,9,389,"2018-10-21 20:46:30"
0,360,8,352,"2018-10-21 20:51:30"
0,387,5,382,"2018-10-21 20:56:30"
0,378,5,373,"2018-10-21 21:01:30"
0,382,5,377,"2018-10-21 21:06:31"
0,360,5,355,"2018-10-21 21:11:30"
0,332,6,326,"2018-10-21 21:16:29"
0,320,6,314,"2018-10-21 21:21:30"
0,340,7,333,"2018-10-21 21:26:30"
0,338,8,330,"2018-10-21 21:31:30"
0,333,6,327,"2018-10-21 21:36:29"
0,305,4,301,"2018-10-21 21:41:30"
0,277,4,273,"2018-10-21 21:46:30"
0,290,4,286,"2018-10-21 21:51:29"
0,286,4,282,"2018-10-21 21:56:30"
0,299,4,295,"2018-10-21 22:01:30"
0,284,4,280,"2018-10-21 22:06:30"
0,262,5,257,"2018-10-21 22:11:30"
0,244,5,239,"2018-10-21 22:16:29"
0,243,4,239,"2018-10-21 22:21:30"
0,242,4,238,"2018-10-21 22:26:30"
0,229,4,225,"2018-10-21 22:31:30"
0,208,5,203,"2018-10-21 22:36:29"
0,194,7,187,"2018-10-21 22:41:30"
0,190,7,183,"2018-10-21 22:46:30"
0,184,8,176,"2018-10-21 22:51:30"
0,193,8,185,"2018-10-21 22:56:30"
0,206,9,197,"2018-10-21 23:01:29"
0,215,9,206,"2018-10-21 23:06:31"
0,231,9,222,"2018-10-21 23:11:30"
0,238,7,231,"2018-10-21 23:16:29"
0,226,6,220,"2018-10-21 23:21:30"
0,223,6,217,"2018-10-21 23:26:30"
0,212,7,205,"2018-10-21 23:31:30"
0,204,5,199,"2018-10-21 23:36:29"
0,211,4,207,"2018-10-21 23:41:30"
0,209,4,205,"2018-10-21 23:46:30"
0,177,4,173,"2018-10-21 23:51:30"
0,173,4,169,"2018-10-21 23:56:30"
0,157,3,154,"2018-10-22 00:01:33"
0,167,3,164,"2018-10-22 00:06:31"
0,168,4,164,"2018-10-22 00:11:30"
0,175,5,170,"2018-10-22 00:16:30"
0,172,6,166,"2018-10-22 00:21:30"
0,169,5,164,"2018-10-22 00:26:29"
0,166,4,162,"2018-10-22 00:31:30"
0,145,2,143,"2018-10-22 00:36:30"
0,153,3,150,"2018-10-22 00:41:30"
0,127,4,123,"2018-10-22 00:46:30"
0,122,4,118,"2018-10-22 00:51:30"
0,109,3,106,"2018-10-22 00:56:29"
0,120,4,116,"2018-10-22 01:01:31"
0,106,4,102,"2018-10-22 01:06:31"
0,109,3,106,"2018-10-22 01:11:30"
0,103,3,100,"2018-10-22 01:16:31"
0,104,3,101,"2018-10-22 01:21:30"
0,92,4,88,"2018-10-22 01:26:30"
0,92,4,88,"2018-10-22 01:31:30"
0,90,4,86,"2018-10-22 01:36:30"
0,82,3,79,"2018-10-22 01:41:30"
0,86,3,83,"2018-10-22 01:46:30"
0,83,3,80,"2018-10-22 01:51:30"
0,79,3,76,"2018-10-22 01:56:29"
0,75,3,72,"2018-10-22 02:01:30"
0,53,3,50,"2018-10-22 02:06:31"
0,43,3,40,"2018-10-22 02:11:30"
0,37,3,34,"2018-10-22 02:16:30"
0,33,3,30,"2018-10-22 02:21:29"
0,33,3,30,"2018-10-22 02:26:30"
0,31,2,29,"2018-10-22 02:31:30"
0,31,2,29,"2018-10-22 02:36:30"
0,31,2,29,"2018-10-22 02:41:30"
0,31,2,29,"2018-10-22 02:46:29"
0,31,2,29,"2018-10-22 02:51:30"
0,31,2,29,"2018-10-22 02:56:30"
0,31,2,29,"2018-10-22 03:01:30"
0,31,2,29,"2018-10-22 03:06:31"
0,31,2,29,"2018-10-22 03:11:30"
0,31,2,29,"2018-10-22 03:16:30"
0,31,2,29,"2018-10-22 03:21:30"
0,31,2,29,"2018-10-22 03:26:30"
0,31,2,29,"2018-10-22 03:31:31"
0,31,2,29,"2018-10-22 03:36:30"
0,31,2,29,"2018-10-22 03:41:30"
0,31,2,29,"2018-10-22 03:46:30"
0,31,2,29,"2018-10-22 03:51:30"
0,31,2,29,"2018-10-22 03:56:30"
0,31,2,29,"2018-10-22 04:01:29"
0,31,2,29,"2018-10-22 04:06:29"
0,31,2,29,"2018-10-22 04:11:29"
0,31,2,29,"2018-10-22 04:16:29"
0,31,2,29,"2018-10-22 04:21:30"
0,31,2,29,"2018-10-22 04:26:29"
0,29,2,27,"2018-10-22 04:34:50"
0,29,2,27,"2018-10-22 04:36:30"
0,29,2,27,"2018-10-22 04:41:29"
0,29,2,27,"2018-10-22 04:46:29"
0,29,2,27,"2018-10-22 04:51:29"
0,29,2,27,"2018-10-22 04:56:29"
0,33,2,31,"2018-10-22 05:01:30"
0,37,2,35,"2018-10-22 05:06:32"
0,42,2,40,"2018-10-22 05:11:31"
0,47,2,45,"2018-10-22 05:16:30"
0,49,2,47,"2018-10-22 05:21:31"
0,55,2,53,"2018-10-22 05:26:31"
0,57,2,55,"2018-10-22 05:31:31"
0,66,2,64,"2018-10-22 05:36:30"
0,64,2,62,"2018-10-22 05:41:31"
0,66,2,64,"2018-10-22 05:46:31"
0,80,2,78,"2018-10-22 05:51:31"
0,71,2,69,"2018-10-22 05:56:31"
0,66,2,64,"2018-10-22 06:01:31"
0,67,2,65,"2018-10-22 06:06:31"
0,78,2,76,"2018-10-22 06:11:31"
0,85,2,83,"2018-10-22 06:16:31"
0,104,2,102,"2018-10-22 06:21:31"
0,126,3,123,"2018-10-22 06:26:30"
0,156,3,153,"2018-10-22 06:31:31"
0,188,2,186,"2018-10-22 06:36:30"
0,182,2,180,"2018-10-22 06:41:31"
0,210,2,208,"2018-10-22 06:46:31"
0,221,2,219,"2018-10-22 06:51:30"
0,220,2,218,"2018-10-22 06:56:31"
0,205,3,202,"2018-10-22 07:01:32"
0,218,3,215,"2018-10-22 07:06:31"
0,277,5,272,"2018-10-22 07:11:31"
0,318,5,313,"2018-10-22 07:16:30"
0,376,4,372,"2018-10-22 07:21:31"
0,439,5,434,"2018-10-22 07:26:30"
0,480,5,475,"2018-10-22 07:31:31"
0,628,4,624,"2018-10-22 07:36:30"
0,802,5,797,"2018-10-22 07:41:31"
0,866,8,858,"2018-10-22 07:46:30"
0,908,10,898,"2018-10-22 07:51:31"
0,854,14,840,"2018-10-22 07:56:31"
0,762,17,745,"2018-10-22 08:01:31"
0,744,17,727,"2018-10-22 08:06:31"
0,777,16,761,"2018-10-22 08:11:30"
0,755,15,740,"2018-10-22 08:16:31"
0,777,12,765,"2018-10-22 08:21:30"
0,776,9,767,"2018-10-22 08:26:31"
0,802,10,792,"2018-10-22 08:31:31"
0,885,17,868,"2018-10-22 08:36:31"
0,1005,27,978,"2018-10-22 08:41:30"
0,1067,31,1036,"2018-10-22 08:46:31"
0,1084,34,1050,"2018-10-22 08:51:30"
0,1048,29,1019,"2018-10-22 08:56:30"
0,918,26,892,"2018-10-22 09:01:31"
0,855,25,830,"2018-10-22 09:06:31"
0,818,24,794,"2018-10-22 09:11:30"
0,778,18,760,"2018-10-22 09:16:31"
0,737,19,718,"2018-10-22 09:21:30"
0,702,13,689,"2018-10-22 09:26:31"
0,659,10,649,"2018-10-22 09:31:30"
0,616,11,605,"2018-10-22 09:36:30"
0,626,9,617,"2018-10-22 09:41:31"
0,624,6,618,"2018-10-22 09:46:31"
0,571,5,566,"2018-10-22 09:51:30"
0,472,3,469,"2018-10-22 09:56:31"
0,446,4,442,"2018-10-22 10:01:30"
0,432,5,427,"2018-10-22 10:06:31"
0,405,5,400,"2018-10-22 10:11:30"
0,386,6,380,"2018-10-22 10:16:31"
0,373,1,372,"2018-10-22 10:21:30"
0,390,1,389,"2018-10-22 10:26:31"
0,378,1,377,"2018-10-22 10:31:30"
0,409,3,406,"2018-10-22 10:36:31"
0,404,4,400,"2018-10-22 10:41:30"
0,409,5,404,"2018-10-22 10:46:30"
0,399,2,397,"2018-10-22 10:51:30"
0,379,1,378,"2018-10-22 10:56:30"
0,372,0,372,"2018-10-22 11:01:30"
0,392,2,390,"2018-10-22 11:06:31"
0,400,3,397,"2018-10-22 11:11:30"
0,409,3,406,"2018-10-22 11:16:31"
0,409,3,406,"2018-10-22 11:21:30"
0,375,0,375,"2018-10-22 11:26:30"
0,388,0,388,"2018-10-22 11:31:30"
0,393,0,393,"2018-10-22 11:36:30"
0,422,0,422,"2018-10-22 11:41:30"
0,441,0,441,"2018-10-22 11:46:30"
0,433,2,431,"2018-10-22 11:51:30"
0,419,3,416,"2018-10-22 11:56:30"
0,391,4,387,"2018-10-22 12:01:30"
0,400,4,396,"2018-10-22 12:06:32"
0,423,4,419,"2018-10-22 12:11:30"
0,417,3,414,"2018-10-22 12:16:30"
0,425,4,421,"2018-10-22 12:21:30"
0,428,5,423,"2018-10-22 12:26:30"
0,435,4,431,"2018-10-22 12:31:30"
0,460,5,455,"2018-10-22 12:36:30"
0,456,3,453,"2018-10-22 12:41:30"
0,447,3,444,"2018-10-22 12:46:30"
0,475,1,474,"2018-10-22 12:51:30"
0,449,1,448,"2018-10-22 12:56:30"
0,439,2,437,"2018-10-22 13:01:31"
0,450,2,448,"2018-10-22 13:06:31"
0,496,2,494,"2018-10-22 13:11:30"
0,524,3,521,"2018-10-22 13:16:30"
0,554,2,552,"2018-10-22 13:21:30"
0,530,2,528,"2018-10-22 13:26:31"
0,511,2,509,"2018-10-22 13:31:30"
0,559,2,557,"2018-10-22 13:36:29"
0,612,4,608,"2018-10-22 13:41:30"
0,651,4,647,"2018-10-22 13:46:30"
0,642,4,638,"2018-10-22 13:51:30"
0,597,5,592,"2018-10-22 13:56:30"
0,597,4,593,"2018-10-22 14:01:31"
0,679,6,673,"2018-10-22 14:06:30"
0,790,5,785,"2018-10-22 14:11:30"
0,799,5,794,"2018-10-22 14:16:30"
0,748,5,743,"2018-10-22 14:21:30"
0,712,7,705,"2018-10-22 14:26:30"
0,679,6,673,"2018-10-22 14:31:30"
0,679,6,673,"2018-10-22 14:36:30"
0,742,10,732,"2018-10-22 14:41:31"
0,819,10,809,"2018-10-22 14:46:30"
0,752,7,745,"2018-10-22 14:51:30"
0,652,4,648,"2018-10-22 14:56:30"
0,588,3,585,"2018-10-22 15:01:30"
0,641,4,637,"2018-10-22 15:06:30"
0,674,3,671,"2018-10-22 15:11:29"
0,717,3,714,"2018-10-22 15:16:30"
0,699,6,693,"2018-10-22 15:21:30"
0,667,9,658,"2018-10-22 15:26:30"
0,620,10,610,"2018-10-22 15:31:31"
0,580,9,571,"2018-10-22 15:36:30"
0,586,6,580,"2018-10-22 15:41:30"
0,598,6,592,"2018-10-22 15:46:30"
0,611,6,605,"2018-10-22 15:51:30"
0,593,5,588,"2018-10-22 15:56:29"
0,590,5,585,"2018-10-22 16:01:30"
0,619,5,614,"2018-10-22 16:06:31"
0,667,6,661,"2018-10-22 16:11:30"
0,665,5,660,"2018-10-22 16:16:30"
0,652,3,649,"2018-10-22 16:21:29"
0,651,7,644,"2018-10-22 16:26:30"
0,639,9,630,"2018-10-22 16:31:30"
0,637,9,628,"2018-10-22 16:36:30"
0,678,10,668,"2018-10-22 16:41:29"
0,660,5,655,"2018-10-22 16:46:30"
0,652,7,645,"2018-10-22 16:51:29"
0,625,10,615,"2018-10-22 16:56:30"
0,587,10,577,"2018-10-22 17:01:30"
0,631,9,622,"2018-10-22 17:06:31"
0,712,10,702,"2018-10-22 17:11:30"
0,730,13,717,"2018-10-22 17:16:29"
0,762,14,748,"2018-10-22 17:21:30"
0,759,17,742,"2018-10-22 17:26:30"
0,751,10,741,"2018-10-22 17:31:30"
0,813,12,801,"2018-10-22 17:36:29"
0,932,12,920,"2018-10-22 17:41:30"
0,927,17,910,"2018-10-22 17:46:30"
0,918,15,903,"2018-10-22 17:51:29"
0,875,13,862,"2018-10-22 17:56:30"
0,841,11,830,"2018-10-22 18:01:30"
0,922,11,911,"2018-10-22 18:06:30"
0,1087,10,1077,"2018-10-22 18:11:30"
0,1140,14,1126,"2018-10-22 18:16:29"
0,1169,13,1156,"2018-10-22 18:21:30"
0,1125,12,1113,"2018-10-22 18:26:29"
0,1089,22,1067,"2018-10-22 18:31:30"
0,1087,18,1069,"2018-10-22 18:36:30"
0,1079,17,1062,"2018-10-22 18:41:30"
0,1061,16,1045,"2018-10-22 18:46:29"
0,1032,19,1013,"2018-10-22 18:51:30"
0,935,16,919,"2018-10-22 18:56:30"
0,923,14,909,"2018-10-22 19:01:30"
0,898,9,889,"2018-10-22 19:06:30"
0,955,12,943,"2018-10-22 19:11:30"
0,979,13,966,"2018-10-22 19:16:29"
0,975,9,966,"2018-10-22 19:21:30"
0,883,10,873,"2018-10-22 19:26:29"
0,848,12,836,"2018-10-22 19:31:30"
0,848,14,834,"2018-10-22 19:36:30"
0,891,15,876,"2018-10-22 19:41:30"
0,900,17,883,"2018-10-22 19:46:29"
0,830,16,814,"2018-10-22 19:51:29"
0,779,16,763,"2018-10-22 19:56:30"
0,743,15,728,"2018-10-22 20:01:30"
0,778,16,762,"2018-10-22 20:06:30"
0,817,14,803,"2018-10-22 20:11:29"
0,812,11,801,"2018-10-22 20:16:29"
0,808,12,796,"2018-10-22 20:21:30"
0,739,9,730,"2018-10-22 20:26:29"
0,684,11,673,"2018-10-22 20:31:30"
0,643,11,632,"2018-10-22 20:36:29"
0,675,10,665,"2018-10-22 20:41:30"
0,669,6,663,"2018-10-22 20:46:29"
0,645,9,636,"2018-10-22 20:51:30"
0,624,9,615,"2018-10-22 20:56:29"
0,576,7,569,"2018-10-22 21:01:30"
0,604,7,597,"2018-10-22 21:06:30"
0,591,9,582,"2018-10-22 21:11:29"
0,616,7,609,"2018-10-22 21:16:29"
0,571,7,564,"2018-10-22 21:21:29"
0,518,5,513,"2018-10-22 21:26:29"
0,481,6,475,"2018-10-22 21:31:30"
0,504,5,499,"2018-10-22 21:36:30"
0,518,4,514,"2018-10-22 21:41:30"
0,494,2,492,"2018-10-22 21:46:29"
0,452,1,451,"2018-10-22 21:51:30"
0,422,1,421,"2018-10-22 21:56:29"
0,382,1,381,"2018-10-22 22:01:30"
0,380,1,379,"2018-10-22 22:06:30"
0,414,3,411,"2018-10-22 22:11:29"
0,408,4,404,"2018-10-22 22:16:30"
0,393,4,389,"2018-10-22 22:21:29"
0,371,4,367,"2018-10-22 22:26:29"
0,341,4,337,"2018-10-22 22:31:29"
0,323,4,319,"2018-10-22 22:36:30"
0,302,1,301,"2018-10-22 22:41:29"
0,274,0,274,"2018-10-22 22:46:29"
0,244,0,244,"2018-10-22 22:51:29"
0,239,0,239,"2018-10-22 22:56:29"
0,251,2,249,"2018-10-22 23:01:30"
0,267,2,265,"2018-10-22 23:06:30"
0,291,4,287,"2018-10-22 23:11:29"
0,294,3,291,"2018-10-22 23:16:30"
0,289,3,286,"2018-10-22 23:21:29"
0,266,2,264,"2018-10-22 23:26:30"
0,230,0,230,"2018-10-22 23:31:29"
0,207,0,207,"2018-10-22 23:36:29"
0,230,0,230,"2018-10-22 23:41:29"
0,215,0,215,"2018-10-22 23:46:29"
0,235,3,232,"2018-10-22 23:51:29"
0,222,3,219,"2018-10-22 23:56:30"
0,211,4,207,"2018-10-23 00:01:31"
0,210,2,208,"2018-10-23 00:06:31"
0,215,4,211,"2018-10-23 00:11:30"
0,215,4,211,"2018-10-23 00:16:29"
0,206,5,201,"2018-10-23 00:21:29"
0,176,3,173,"2018-10-23 00:26:29"
0,173,2,171,"2018-10-23 00:31:30"
0,166,1,165,"2018-10-23 00:36:29"
0,137,0,137,"2018-10-23 00:41:30"
0,142,0,142,"2018-10-23 00:46:30"
0,124,0,124,"2018-10-23 00:51:30"
0,127,1,126,"2018-10-23 00:56:29"
0,123,1,122,"2018-10-23 01:01:30"
0,122,1,121,"2018-10-23 01:06:30"
0,124,1,123,"2018-10-23 01:11:30"
0,109,1,108,"2018-10-23 01:16:29"
0,103,0,103,"2018-10-23 01:21:30"
0,92,0,92,"2018-10-23 01:26:30"
0,91,0,91,"2018-10-23 01:31:30"
0,73,0,73,"2018-10-23 01:36:29"
0,74,1,73,"2018-10-23 01:41:30"
0,73,1,72,"2018-10-23 01:46:29"
0,70,1,69,"2018-10-23 01:51:29"
0,66,0,66,"2018-10-23 01:56:30"
0,71,0,71,"2018-10-23 02:01:31"
0,53,0,53,"2018-10-23 02:06:30"
0,46,0,46,"2018-10-23 02:11:29"
0,39,0,39,"2018-10-23 02:16:30"
0,36,0,36,"2018-10-23 02:21:30"
0,34,0,34,"2018-10-23 02:26:29"
0,34,0,34,"2018-10-23 02:31:30"
0,34,0,34,"2018-10-23 02:36:29"
0,34,0,34,"2018-10-23 02:41:30"
0,32,0,32,"2018-10-23 02:46:29"
0,31,0,31,"2018-10-23 02:51:30"
0,29,0,29,"2018-10-23 02:56:29"
0,29,0,29,"2018-10-23 03:01:30"
0,29,0,29,"2018-10-23 03:06:30"
0,29,0,29,"2018-10-23 03:11:30"
0,28,0,28,"2018-10-23 03:16:29"
0,28,0,28,"2018-10-23 03:21:30"
0,27,0,27,"2018-10-23 03:26:30"
0,27,0,27,"2018-10-23 03:31:29"
0,27,0,27,"2018-10-23 03:36:29"
0,27,0,27,"2018-10-23 03:41:30"
0,27,0,27,"2018-10-23 03:46:30"
0,27,0,27,"2018-10-23 03:51:29"
0,27,0,27,"2018-10-23 03:56:29"
0,27,0,27,"2018-10-23 04:01:29"
0,27,0,27,"2018-10-23 04:06:29"
0,27,0,27,"2018-10-23 04:11:29"
0,26,0,26,"2018-10-23 04:16:29"
0,26,0,26,"2018-10-23 04:21:29"
0,26,0,26,"2018-10-23 04:26:29"
0,26,0,26,"2018-10-23 04:34:45"
0,26,0,26,"2018-10-23 04:36:28"
0,26,0,26,"2018-10-23 04:41:29"
0,25,0,25,"2018-10-23 04:46:29"
0,25,0,25,"2018-10-23 04:51:28"
0,25,0,25,"2018-10-23 04:56:29"
0,34,0,34,"2018-10-23 05:01:28"
0,43,0,43,"2018-10-23 05:06:31"
0,45,0,45,"2018-10-23 05:11:31"
0,43,0,43,"2018-10-23 05:16:30"
0,45,0,45,"2018-10-23 05:21:30"
0,48,0,48,"2018-10-23 05:26:31"
0,52,0,52,"2018-10-23 05:31:30"
0,62,0,62,"2018-10-23 05:36:30"
0,69,0,69,"2018-10-23 05:41:31"
0,73,1,72,"2018-10-23 05:46:30"
0,75,1,74,"2018-10-23 05:51:30"
0,67,1,66,"2018-10-23 05:56:31"
0,58,0,58,"2018-10-23 06:01:31"
0,57,0,57,"2018-10-23 06:06:31"
0,71,0,71,"2018-10-23 06:11:30"
0,75,0,75,"2018-10-23 06:16:30"
0,82,0,82,"2018-10-23 06:21:30"
0,101,1,100,"2018-10-23 06:26:31"
0,132,1,131,"2018-10-23 06:31:30"
0,162,1,161,"2018-10-23 06:36:30"
0,179,2,177,"2018-10-23 06:41:31"
0,199,0,199,"2018-10-23 06:46:30"
0,230,0,230,"2018-10-23 06:51:30"
0,230,0,230,"2018-10-23 06:56:31"
0,210,1,209,"2018-10-23 07:01:34"
0,252,3,249,"2018-10-23 07:06:30"
0,275,3,272,"2018-10-23 07:11:30"
0,340,3,337,"2018-10-23 07:16:31"
0,401,3,398,"2018-10-23 07:21:30"
0,434,4,430,"2018-10-23 07:26:30"
0,507,2,505,"2018-10-23 07:31:30"
0,644,5,639,"2018-10-23 07:36:30"
0,814,6,808,"2018-10-23 07:41:30"
0,951,6,945,"2018-10-23 07:46:30"
0,972,5,967,"2018-10-23 07:51:30"
0,932,8,924,"2018-10-23 07:56:30"
0,840,9,831,"2018-10-23 08:01:30"
0,796,11,785,"2018-10-23 08:06:31"
0,845,14,831,"2018-10-23 08:11:30"
0,855,10,845,"2018-10-23 08:16:29"
0,909,13,896,"2018-10-23 08:21:30"
0,953,14,939,"2018-10-23 08:26:30"
0,981,21,960,"2018-10-23 08:31:30"
0,1073,20,1053,"2018-10-23 08:36:30"
0,1152,22,1130,"2018-10-23 08:41:30"
0,1170,25,1145,"2018-10-23 08:46:30"
0,1130,24,1106,"2018-10-23 08:51:30"
0,1033,21,1012,"2018-10-23 08:56:30"
0,916,20,896,"2018-10-23 09:01:30"
0,821,25,796,"2018-10-23 09:06:30"
0,791,25,766,"2018-10-23 09:11:31"
0,786,19,767,"2018-10-23 09:16:30"
0,723,14,709,"2018-10-23 09:21:30"
0,706,8,698,"2018-10-23 09:26:30"
0,652,6,646,"2018-10-23 09:31:31"
0,629,6,623,"2018-10-23 09:36:30"
0,616,3,613,"2018-10-23 09:41:31"
0,608,2,606,"2018-10-23 09:46:31"
0,583,2,581,"2018-10-23 09:51:30"
0,504,2,502,"2018-10-23 09:56:30"
0,442,2,440,"2018-10-23 10:01:31"
0,403,2,401,"2018-10-23 10:06:31"
0,400,3,397,"2018-10-23 10:11:30"
0,417,2,415,"2018-10-23 10:17:13"
0,402,2,400,"2018-10-23 10:22:06"
0,395,1,394,"2018-10-23 10:27:03"
0,397,2,395,"2018-10-23 10:32:03"
0,401,2,399,"2018-10-23 10:36:42"
0,405,2,403,"2018-10-23 10:41:57"
0,409,1,408,"2018-10-23 10:47:06"
0,431,1,430,"2018-10-23 10:52:06"
0,424,1,423,"2018-10-23 10:56:56"
0,395,1,394,"2018-10-23 11:02:09"
0,394,1,393,"2018-10-23 11:07:27"
0,416,2,414,"2018-10-23 11:11:46"
0,412,1,411,"2018-10-23 11:17:08"
0,417,1,416,"2018-10-23 11:21:36"
0,372,2,370,"2018-10-23 11:26:30"
0,376,1,375,"2018-10-23 11:31:30"
0,438,3,435,"2018-10-23 11:36:30"
0,467,3,464,"2018-10-23 11:41:30"
0,487,5,482,"2018-10-23 11:46:37"
0,449,5,444,"2018-10-23 11:51:30"
0,417,4,413,"2018-10-23 11:56:30"
0,401,3,398,"2018-10-23 12:01:30"
0,420,3,417,"2018-10-23 12:06:30"
0,433,4,429,"2018-10-23 12:11:29"
0,465,4,461,"2018-10-23 12:16:30"
0,443,4,439,"2018-10-23 12:21:29"
0,436,3,433,"2018-10-23 12:26:30"
0,435,2,433,"2018-10-23 12:31:30"
0,455,3,452,"2018-10-23 12:37:15"
0,494,1,493,"2018-10-23 12:41:41"
0,514,1,513,"2018-10-23 12:46:59"
0,505,2,503,"2018-10-23 12:52:02"
0,477,2,475,"2018-10-23 12:57:00"
0,475,2,473,"2018-10-23 13:02:00"
0,494,4,490,"2018-10-23 13:07:18"
0,532,5,527,"2018-10-23 13:11:35"
0,554,4,550,"2018-10-23 13:16:29"
0,562,4,558,"2018-10-23 13:21:30"
0,587,3,584,"2018-10-23 13:26:29"
0,601,5,596,"2018-10-23 13:31:30"
0,600,5,595,"2018-10-23 13:36:29"
0,623,4,619,"2018-10-23 13:41:30"
0,615,4,611,"2018-10-23 13:46:29"
0,598,5,593,"2018-10-23 13:51:30"
0,607,4,603,"2018-10-23 13:56:29"
0,611,7,604,"2018-10-23 14:01:30"
0,711,6,705,"2018-10-23 14:06:30"
0,779,4,775,"2018-10-23 14:11:30"
0,809,4,805,"2018-10-23 14:16:30"
0,781,7,774,"2018-10-23 14:21:29"
0,736,10,726,"2018-10-23 14:26:30"
0,720,15,705,"2018-10-23 14:31:31"
0,745,12,733,"2018-10-23 14:36:29"
0,805,12,793,"2018-10-23 14:41:30"
0,825,11,814,"2018-10-23 14:46:29"
0,783,10,773,"2018-10-23 14:51:30"
0,709,8,701,"2018-10-23 14:56:30"
0,662,9,653,"2018-10-23 15:01:30"
0,660,9,651,"2018-10-23 15:06:30"
0,701,9,692,"2018-10-23 15:11:29"
0,710,8,702,"2018-10-23 15:16:30"
0,695,12,683,"2018-10-23 15:21:30"
0,687,11,676,"2018-10-23 15:26:29"
0,658,10,648,"2018-10-23 15:31:30"
0,606,9,597,"2018-10-23 15:36:30"
0,577,9,568,"2018-10-23 15:41:29"
0,582,10,572,"2018-10-23 15:46:29"
0,621,9,612,"2018-10-23 15:51:30"
0,598,12,586,"2018-10-23 15:56:29"
0,578,12,566,"2018-10-23 16:01:30"
0,590,12,578,"2018-10-23 16:06:30"
0,635,8,627,"2018-10-23 16:11:29"
0,648,4,644,"2018-10-23 16:16:30"
0,653,5,648,"2018-10-23 16:21:29"
0,604,6,598,"2018-10-23 16:26:30"
0,567,7,560,"2018-10-23 16:31:29"
0,605,7,598,"2018-10-23 16:36:30"
0,656,10,646,"2018-10-23 16:41:30"
0,653,10,643,"2018-10-23 16:46:30"
0,616,11,605,"2018-10-23 16:51:29"
0,581,14,567,"2018-10-23 16:56:29"
0,552,8,544,"2018-10-23 17:01:29"
0,605,9,596,"2018-10-23 17:06:29"
0,681,12,669,"2018-10-23 17:11:30"
0,752,11,741,"2018-10-23 17:16:29"
0,766,12,754,"2018-10-23 17:21:30"
0,771,12,759,"2018-10-23 17:26:29"
0,705,10,695,"2018-10-23 17:31:30"
0,761,7,754,"2018-10-23 17:36:29"
0,871,8,863,"2018-10-23 17:41:30"
0,879,12,867,"2018-10-23 17:46:29"
0,889,9,880,"2018-10-23 17:51:29"
0,894,10,884,"2018-10-23 17:56:29"
0,844,11,833,"2018-10-23 18:01:30"
0,876,14,862,"2018-10-23 18:06:30"
0,1036,19,1017,"2018-10-23 18:11:29"
0,1120,17,1103,"2018-10-23 18:16:29"
0,1144,15,1129,"2018-10-23 18:21:29"
0,1120,10,1110,"2018-10-23 18:26:30"
0,1111,11,1100,"2018-10-23 18:31:29"
0,1125,13,1112,"2018-10-23 18:36:29"
0,1126,12,1114,"2018-10-23 18:41:29"
0,1103,10,1093,"2018-10-23 18:46:29"
0,1070,14,1056,"2018-10-23 18:51:29"
0,1017,15,1002,"2018-10-23 18:56:29"
0,970,10,960,"2018-10-23 19:01:29"
0,1023,13,1010,"2018-10-23 19:06:29"
0,1013,15,998,"2018-10-23 19:11:29"
0,1010,14,996,"2018-10-23 19:16:29"
0,983,14,969,"2018-10-23 19:21:28"
0,954,11,943,"2018-10-23 19:26:29"
0,930,13,917,"2018-10-23 19:31:30"
0,927,14,913,"2018-10-23 19:36:29"
0,886,17,869,"2018-10-23 19:41:29"
0,876,17,859,"2018-10-23 19:46:29"
0,869,13,856,"2018-10-23 19:51:28"
0,813,7,806,"2018-10-23 19:56:29"
0,741,6,735,"2018-10-23 20:01:30"
0,759,7,752,"2018-10-23 20:06:30"
0,824,8,816,"2018-10-23 20:11:29"
0,828,9,819,"2018-10-23 20:16:29"
0,808,11,797,"2018-10-23 20:21:29"
0,750,10,740,"2018-10-23 20:26:29"
0,725,8,717,"2018-10-23 20:31:29"
0,710,7,703,"2018-10-23 20:36:29"
0,695,8,687,"2018-10-23 20:41:29"
0,722,8,714,"2018-10-23 20:46:29"
0,675,4,671,"2018-10-23 20:51:29"
0,655,4,651,"2018-10-23 20:56:29"
0,621,4,617,"2018-10-23 21:01:29"
0,612,4,608,"2018-10-23 21:06:29"
0,616,6,610,"2018-10-23 21:11:29"
0,585,7,578,"2018-10-23 21:16:29"
0,562,6,556,"2018-10-23 21:21:29"
0,506,4,502,"2018-10-23 21:26:29"
0,493,2,491,"2018-10-23 21:31:29"
0,481,4,477,"2018-10-23 21:36:29"
0,467,2,465,"2018-10-23 21:41:29"
0,454,2,452,"2018-10-23 21:46:29"
0,449,3,446,"2018-10-23 21:51:29"
0,417,4,413,"2018-10-23 21:56:29"
0,395,5,390,"2018-10-23 22:01:29"
0,377,3,374,"2018-10-23 22:06:30"
0,397,5,392,"2018-10-23 22:11:29"
0,396,5,391,"2018-10-23 22:16:29"
0,344,6,338,"2018-10-23 22:21:29"
0,342,6,336,"2018-10-23 22:26:29"
0,314,3,311,"2018-10-23 22:31:29"
0,278,5,273,"2018-10-23 22:36:29"
0,260,5,255,"2018-10-23 22:41:29"
0,270,3,267,"2018-10-23 22:46:29"
0,253,3,250,"2018-10-23 22:51:28"
0,226,2,224,"2018-10-23 22:56:29"
0,237,0,237,"2018-10-23 23:01:30"
0,254,0,254,"2018-10-23 23:06:30"
0,282,3,279,"2018-10-23 23:11:29"
0,270,3,267,"2018-10-23 23:16:28"
0,271,4,267,"2018-10-23 23:21:29"
0,232,3,229,"2018-10-23 23:26:29"
0,224,5,219,"2018-10-23 23:31:29"
0,233,3,230,"2018-10-23 23:36:29"
0,234,4,230,"2018-10-23 23:41:29"
0,222,6,216,"2018-10-23 23:46:29"
0,222,6,216,"2018-10-23 23:51:29"
0,223,3,220,"2018-10-23 23:56:28"
0,175,0,175,"2018-10-24 00:01:37"
0,179,1,178,"2018-10-24 00:06:32"
0,194,1,193,"2018-10-24 00:11:29"
0,211,4,207,"2018-10-24 00:16:30"
0,202,4,198,"2018-10-24 00:21:29"
0,166,4,162,"2018-10-24 00:26:29"
0,150,2,148,"2018-10-24 00:31:30"
0,155,1,154,"2018-10-24 00:36:29"
0,168,1,167,"2018-10-24 00:41:29"
0,160,3,157,"2018-10-24 00:46:30"
0,125,3,122,"2018-10-24 00:51:29"
0,110,1,109,"2018-10-24 00:56:29"
0,104,0,104,"2018-10-24 01:01:30"
0,111,0,111,"2018-10-24 01:06:35"
0,107,2,105,"2018-10-24 01:11:29"
0,96,2,94,"2018-10-24 01:16:30"
0,94,3,91,"2018-10-24 01:21:29"
0,84,2,82,"2018-10-24 01:26:29"
0,69,2,67,"2018-10-24 01:31:29"
0,81,3,78,"2018-10-24 01:36:29"
0,98,3,95,"2018-10-24 01:41:29"
0,96,2,94,"2018-10-24 01:46:29"
0,83,1,82,"2018-10-24 01:51:29"
0,76,1,75,"2018-10-24 01:56:29"
0,78,1,77,"2018-10-24 02:01:30"
0,55,1,54,"2018-10-24 02:06:30"
0,47,0,47,"2018-10-24 02:11:29"
0,37,0,37,"2018-10-24 02:16:29"
0,34,0,34,"2018-10-24 02:21:29"
0,31,0,31,"2018-10-24 02:26:29"
0,31,0,31,"2018-10-24 02:31:29"
0,30,0,30,"2018-10-24 02:36:29"
0,30,0,30,"2018-10-24 02:41:30"
0,30,0,30,"2018-10-24 02:46:29"
0,29,0,29,"2018-10-24 02:51:29"
0,28,0,28,"2018-10-24 02:56:29"
0,28,0,28,"2018-10-24 03:01:29"
0,28,0,28,"2018-10-24 03:06:29"
0,28,0,28,"2018-10-24 03:11:29"
0,28,0,28,"2018-10-24 03:16:29"
0,28,0,28,"2018-10-24 03:21:29"
0,28,0,28,"2018-10-24 03:26:29"
0,28,0,28,"2018-10-24 03:31:29"
0,27,0,27,"2018-10-24 03:36:29"
0,27,0,27,"2018-10-24 03:41:29"
0,27,0,27,"2018-10-24 03:46:29"
0,27,0,27,"2018-10-24 03:51:29"
0,27,0,27,"2018-10-24 03:56:29"
0,27,0,27,"2018-10-24 04:01:28"
0,26,0,26,"2018-10-24 04:06:29"
0,26,0,26,"2018-10-24 04:11:28"
0,26,0,26,"2018-10-24 04:16:29"
0,26,0,26,"2018-10-24 04:21:28"
0,26,0,26,"2018-10-24 04:26:28"
0,26,0,26,"2018-10-24 04:34:42"
0,26,0,26,"2018-10-24 04:36:28"
0,26,0,26,"2018-10-24 04:41:28"
0,26,0,26,"2018-10-24 04:46:28"
0,26,0,26,"2018-10-24 04:51:29"
0,26,0,26,"2018-10-24 04:56:28"
0,33,0,33,"2018-10-24 05:01:29"
0,42,0,42,"2018-10-24 05:06:31"
0,47,0,47,"2018-10-24 05:11:30"
0,46,0,46,"2018-10-24 05:16:30"
0,46,0,46,"2018-10-24 05:21:30"
0,46,0,46,"2018-10-24 05:26:30"
0,40,0,40,"2018-10-24 05:31:30"
0,50,0,50,"2018-10-24 05:36:30"
0,70,0,70,"2018-10-24 05:41:30"
0,79,0,79,"2018-10-24 05:46:30"
0,69,0,69,"2018-10-24 05:51:30"
0,64,0,64,"2018-10-24 05:56:30"
0,58,0,58,"2018-10-24 06:01:30"
0,57,0,57,"2018-10-24 06:06:31"
0,68,0,68,"2018-10-24 06:11:30"
0,78,0,78,"2018-10-24 06:16:30"
0,92,0,92,"2018-10-24 06:21:30"
0,109,0,109,"2018-10-24 06:26:29"
0,135,1,134,"2018-10-24 06:31:30"
0,172,2,170,"2018-10-24 06:36:30"
0,185,2,183,"2018-10-24 06:41:30"
0,221,1,220,"2018-10-24 06:46:30"
0,237,1,236,"2018-10-24 06:51:30"
0,240,2,238,"2018-10-24 06:56:29"
0,208,3,205,"2018-10-24 07:01:30"
0,240,3,237,"2018-10-24 07:06:30"
0,280,2,278,"2018-10-24 07:11:30"
0,322,2,320,"2018-10-24 07:16:30"
0,370,3,367,"2018-10-24 07:21:30"
0,444,4,440,"2018-10-24 07:26:30"
0,477,3,474,"2018-10-24 07:31:30"
0,637,4,633,"2018-10-24 07:36:29"
0,803,3,800,"2018-10-24 07:41:30"
0,935,4,931,"2018-10-24 07:46:30"
0,983,4,979,"2018-10-24 07:51:29"
0,931,9,922,"2018-10-24 07:56:30"
0,835,14,821,"2018-10-24 08:01:30"
0,739,16,723,"2018-10-24 08:06:30"
0,811,17,794,"2018-10-24 08:11:29"
0,880,17,863,"2018-10-24 08:16:30"
0,903,17,886,"2018-10-24 08:21:29"
0,938,19,919,"2018-10-24 08:26:29"
0,922,20,902,"2018-10-24 08:31:30"
0,1037,21,1016,"2018-10-24 08:36:30"
0,1148,18,1130,"2018-10-24 08:41:29"
0,1199,20,1179,"2018-10-24 08:46:30"
0,1166,22,1144,"2018-10-24 08:51:29"
0,1037,18,1019,"2018-10-24 08:56:30"
0,922,14,908,"2018-10-24 09:01:31"
0,888,21,867,"2018-10-24 09:06:31"
0,865,24,841,"2018-10-24 09:11:30"
0,848,24,824,"2018-10-24 09:16:29"
0,775,24,751,"2018-10-24 09:21:30"
0,703,16,687,"2018-10-24 09:26:29"
0,633,12,621,"2018-10-24 09:31:30"
0,583,11,572,"2018-10-24 09:36:30"
0,581,12,569,"2018-10-24 09:41:29"
0,553,10,543,"2018-10-24 09:46:30"
0,499,7,492,"2018-10-24 09:51:29"
0,462,8,454,"2018-10-24 09:56:29"
0,429,8,421,"2018-10-24 10:01:30"
0,410,6,404,"2018-10-24 10:06:30"
0,407,7,400,"2018-10-24 10:11:30"
0,417,5,412,"2018-10-24 10:16:29"
0,419,4,415,"2018-10-24 10:21:30"
0,413,3,410,"2018-10-24 10:26:30"
0,392,4,388,"2018-10-24 10:31:30"
0,417,4,413,"2018-10-24 10:36:30"
0,399,3,396,"2018-10-24 10:41:29"
0,442,4,438,"2018-10-24 10:46:29"
0,435,5,430,"2018-10-24 10:51:30"
0,425,6,419,"2018-10-24 10:56:29"
0,398,5,393,"2018-10-24 11:01:30"
0,415,4,411,"2018-10-24 11:06:30"
0,424,4,420,"2018-10-24 11:11:30"
0,427,3,424,"2018-10-24 11:16:29"
0,440,5,435,"2018-10-24 11:21:29"
0,385,4,381,"2018-10-24 11:26:29"
0,419,2,417,"2018-10-24 11:31:30"
0,444,2,442,"2018-10-24 11:36:29"
0,467,1,466,"2018-10-24 11:41:30"
0,487,1,486,"2018-10-24 11:46:29"
0,483,2,481,"2018-10-24 11:51:29"
0,440,3,437,"2018-10-24 11:56:29"
0,419,2,417,"2018-10-24 12:01:30"
0,404,3,401,"2018-10-24 12:06:30"
0,415,4,411,"2018-10-24 12:11:30"
0,455,4,451,"2018-10-24 12:16:29"
0,479,6,473,"2018-10-24 12:21:29"
0,470,4,466,"2018-10-24 12:26:30"
0,460,5,455,"2018-10-24 12:31:29"
0,481,2,479,"2018-10-24 12:36:29"
0,469,2,467,"2018-10-24 12:41:29"
0,484,3,481,"2018-10-24 12:46:29"
0,481,4,477,"2018-10-24 12:51:29"
0,472,5,467,"2018-10-24 12:56:29"
0,447,4,443,"2018-10-24 13:01:30"
0,482,2,480,"2018-10-24 13:06:29"
0,524,2,522,"2018-10-24 13:11:29"
0,537,3,534,"2018-10-24 13:16:29"
0,528,5,523,"2018-10-24 13:21:30"
0,538,6,532,"2018-10-24 13:26:29"
0,560,5,555,"2018-10-24 13:31:29"
0,595,5,590,"2018-10-24 13:36:29"
0,659,8,651,"2018-10-24 13:41:29"
0,641,7,634,"2018-10-24 13:46:29"
0,626,5,621,"2018-10-24 13:51:29"
0,606,2,604,"2018-10-24 13:56:29"
0,606,2,604,"2018-10-24 14:01:29"
0,687,2,685,"2018-10-24 14:06:30"
0,757,2,755,"2018-10-24 14:11:29"
0,782,3,779,"2018-10-24 14:16:29"
0,833,4,829,"2018-10-24 14:21:29"
0,782,7,775,"2018-10-24 14:26:29"
0,705,8,697,"2018-10-24 14:31:30"
0,685,9,676,"2018-10-24 14:36:30"
0,721,12,709,"2018-10-24 14:41:29"
0,723,8,715,"2018-10-24 14:46:29"
0,667,7,660,"2018-10-24 14:51:29"
0,661,9,652,"2018-10-24 14:56:29"
0,614,7,607,"2018-10-24 15:01:29"
0,637,6,631,"2018-10-24 15:06:30"
0,689,5,684,"2018-10-24 15:11:29"
0,695,5,690,"2018-10-24 15:16:29"
0,680,8,672,"2018-10-24 15:21:29"
0,646,7,639,"2018-10-24 15:26:28"
0,633,7,626,"2018-10-24 15:31:29"
0,619,5,614,"2018-10-24 15:36:29"
0,658,4,654,"2018-10-24 15:41:29"
0,644,3,641,"2018-10-24 15:46:29"
0,616,5,611,"2018-10-24 15:51:29"
0,635,6,629,"2018-10-24 15:56:29"
0,590,6,584,"2018-10-24 16:01:29"
0,611,6,605,"2018-10-24 16:06:29"
0,636,6,630,"2018-10-24 16:11:29"
0,672,4,668,"2018-10-24 16:16:29"
0,641,5,636,"2018-10-24 16:21:29"
0,579,4,575,"2018-10-24 16:26:29"
0,617,3,614,"2018-10-24 16:31:29"
0,617,4,613,"2018-10-24 16:36:29"
0,698,5,693,"2018-10-24 16:41:29"
0,682,7,675,"2018-10-24 16:46:30"
0,660,8,652,"2018-10-24 16:51:29"
0,634,9,625,"2018-10-24 16:56:29"
0,595,10,585,"2018-10-24 17:01:29"
0,614,6,608,"2018-10-24 17:06:29"
0,718,12,706,"2018-10-24 17:11:29"
0,752,11,741,"2018-10-24 17:16:29"
0,796,11,785,"2018-10-24 17:21:28"
0,826,14,812,"2018-10-24 17:26:29"
0,812,13,799,"2018-10-24 17:31:28"
0,821,7,814,"2018-10-24 17:36:29"
0,858,11,847,"2018-10-24 17:41:29"
0,851,10,841,"2018-10-24 17:46:29"
0,844,12,832,"2018-10-24 17:51:28"
0,809,12,797,"2018-10-24 17:56:29"
0,832,15,817,"2018-10-24 18:01:30"
0,927,16,911,"2018-10-24 18:06:29"
0,1078,18,1060,"2018-10-24 18:11:29"
0,1123,16,1107,"2018-10-24 18:16:28"
0,1165,14,1151,"2018-10-24 18:21:29"
0,1142,13,1129,"2018-10-24 18:26:28"
0,1089,13,1076,"2018-10-24 18:31:29"
0,1093,18,1075,"2018-10-24 18:36:28"
0,1135,21,1114,"2018-10-24 18:41:29"
0,1125,17,1108,"2018-10-24 18:46:28"
0,1115,16,1099,"2018-10-24 18:51:29"
0,1061,10,1051,"2018-10-24 18:56:28"
0,1004,9,995,"2018-10-24 19:01:29"
0,1009,8,1001,"2018-10-24 19:06:29"
0,1041,7,1034,"2018-10-24 19:11:28"
0,1023,8,1015,"2018-10-24 19:16:29"
0,1001,11,990,"2018-10-24 19:21:29"
0,959,11,948,"2018-10-24 19:26:29"
0,903,16,887,"2018-10-24 19:31:29"
0,922,13,909,"2018-10-24 19:36:29"
0,959,12,947,"2018-10-24 19:41:28"
0,925,13,912,"2018-10-24 19:46:29"
0,880,16,864,"2018-10-24 19:51:29"
0,819,14,805,"2018-10-24 19:56:28"
0,789,13,776,"2018-10-24 20:01:29"
0,797,11,786,"2018-10-24 20:06:29"
0,918,12,906,"2018-10-24 20:11:29"
0,954,18,936,"2018-10-24 20:16:28"
0,936,15,921,"2018-10-24 20:21:29"
0,896,17,879,"2018-10-24 20:26:28"
0,821,9,812,"2018-10-24 20:31:29"
0,763,7,756,"2018-10-24 20:36:28"
0,732,6,726,"2018-10-24 20:41:29"
0,720,6,714,"2018-10-24 20:46:28"
0,703,5,698,"2018-10-24 20:51:29"
0,681,5,676,"2018-10-24 20:56:28"
0,639,3,636,"2018-10-24 21:01:29"
0,620,5,615,"2018-10-24 21:06:29"
0,616,3,613,"2018-10-24 21:11:29"
0,620,3,617,"2018-10-24 21:16:29"
0,580,4,576,"2018-10-24 21:21:29"
0,541,2,539,"2018-10-24 21:26:28"
0,492,2,490,"2018-10-24 21:31:29"
0,504,3,501,"2018-10-24 21:36:28"
0,492,3,489,"2018-10-24 21:41:29"
0,455,4,451,"2018-10-24 21:46:28"
0,438,6,432,"2018-10-24 21:51:29"
0,428,9,419,"2018-10-24 21:56:28"
0,390,6,384,"2018-10-24 22:01:29"
0,352,6,346,"2018-10-24 22:06:29"
0,378,6,372,"2018-10-24 22:11:28"
0,376,4,372,"2018-10-24 22:16:28"
0,360,4,356,"2018-10-24 22:21:28"
0,350,3,347,"2018-10-24 22:26:29"
0,325,2,323,"2018-10-24 22:31:29"
0,308,3,305,"2018-10-24 22:36:29"
0,303,3,300,"2018-10-24 22:41:28"
0,261,3,258,"2018-10-24 22:46:28"
0,265,4,261,"2018-10-24 22:51:29"
0,286,5,281,"2018-10-24 22:56:28"
0,335,6,329,"2018-10-24 23:01:29"
0,382,4,378,"2018-10-24 23:06:29"
0,374,3,371,"2018-10-24 23:11:28"
0,385,4,381,"2018-10-24 23:16:28"
0,402,6,396,"2018-10-24 23:21:28"
0,380,5,375,"2018-10-24 23:26:29"
0,365,4,361,"2018-10-24 23:31:28"
0,368,2,366,"2018-10-24 23:36:29"
0,359,3,356,"2018-10-24 23:41:28"
0,342,5,337,"2018-10-24 23:46:28"
0,289,5,284,"2018-10-24 23:51:29"
0,257,4,253,"2018-10-24 23:56:28"
0,247,2,245,"2018-10-25 00:01:31"
0,243,3,240,"2018-10-25 00:06:29"
0,241,5,236,"2018-10-25 00:11:29"
0,255,4,251,"2018-10-25 00:16:29"
0,237,4,233,"2018-10-25 00:21:28"
0,214,6,208,"2018-10-25 00:26:29"
0,224,7,217,"2018-10-25 00:31:29"
0,209,7,202,"2018-10-25 00:36:29"
0,203,7,196,"2018-10-25 00:41:29"
0,200,6,194,"2018-10-25 00:46:28"
0,196,5,191,"2018-10-25 00:51:29"
0,193,5,188,"2018-10-25 00:56:29"
0,150,4,146,"2018-10-25 01:01:30"
0,148,4,144,"2018-10-25 01:06:31"
0,132,3,129,"2018-10-25 01:11:28"
0,124,3,121,"2018-10-25 01:16:29"
0,125,2,123,"2018-10-25 01:21:28"
0,119,1,118,"2018-10-25 01:26:29"
0,120,1,119,"2018-10-25 01:31:29"
0,101,2,99,"2018-10-25 01:36:28"
0,89,2,87,"2018-10-25 01:41:29"
0,87,2,85,"2018-10-25 01:46:29"
0,86,2,84,"2018-10-25 01:51:28"
0,97,2,95,"2018-10-25 01:56:29"
0,86,2,84,"2018-10-25 02:01:30"
0,59,1,58,"2018-10-25 02:06:29"
0,49,1,48,"2018-10-25 02:11:29"
0,40,1,39,"2018-10-25 02:16:28"
0,37,1,36,"2018-10-25 02:21:29"
0,33,1,32,"2018-10-25 02:26:28"
0,32,1,31,"2018-10-25 02:31:29"
0,32,1,31,"2018-10-25 02:36:28"
0,30,1,29,"2018-10-25 02:41:29"
0,29,1,28,"2018-10-25 02:46:29"
0,29,1,28,"2018-10-25 02:51:28"
0,29,1,28,"2018-10-25 02:56:29"
0,29,1,28,"2018-10-25 03:01:29"
0,29,1,28,"2018-10-25 03:06:30"
0,28,1,27,"2018-10-25 03:11:28"
0,28,1,27,"2018-10-25 03:16:29"
0,27,1,26,"2018-10-25 03:21:28"
0,26,1,25,"2018-10-25 03:26:29"
0,26,1,25,"2018-10-25 03:31:29"
0,26,1,25,"2018-10-25 03:36:29"
0,26,1,25,"2018-10-25 03:41:28"
0,26,1,25,"2018-10-25 03:46:28"
0,26,1,25,"2018-10-25 03:51:29"
0,26,1,25,"2018-10-25 03:56:28"
0,26,1,25,"2018-10-25 04:01:27"
0,26,1,25,"2018-10-25 04:06:28"
0,26,1,25,"2018-10-25 04:11:27"
0,26,1,25,"2018-10-25 04:16:30"
0,26,1,25,"2018-10-25 04:21:28"
0,26,1,25,"2018-10-25 04:26:28"
0,26,1,25,"2018-10-25 04:34:37"
0,26,1,25,"2018-10-25 04:36:28"
0,26,1,25,"2018-10-25 04:41:28"
0,26,1,25,"2018-10-25 04:46:28"
0,26,1,25,"2018-10-25 04:51:27"
0,26,1,25,"2018-10-25 04:56:28"
0,28,1,27,"2018-10-25 05:01:29"
0,38,1,37,"2018-10-25 05:06:30"
0,44,1,43,"2018-10-25 05:11:30"
0,45,1,44,"2018-10-25 05:16:29"
0,41,1,40,"2018-10-25 05:21:29"
0,49,1,48,"2018-10-25 05:26:30"
0,60,1,59,"2018-10-25 05:31:30"
0,64,1,63,"2018-10-25 05:36:29"
0,72,1,71,"2018-10-25 05:41:29"
0,83,2,81,"2018-10-25 05:46:29"
0,78,2,76,"2018-10-25 05:51:29"
0,74,3,71,"2018-10-25 05:56:30"
0,64,2,62,"2018-10-25 06:01:30"
0,67,1,66,"2018-10-25 06:06:31"
0,72,1,71,"2018-10-25 06:11:30"
0,86,1,85,"2018-10-25 06:16:29"
0,95,1,94,"2018-10-25 06:21:30"
0,121,1,120,"2018-10-25 06:26:29"
0,140,2,138,"2018-10-25 06:31:29"
0,186,3,183,"2018-10-25 06:36:29"
0,202,3,199,"2018-10-25 06:41:30"
0,215,2,213,"2018-10-25 06:46:29"
0,203,2,201,"2018-10-25 06:51:30"
0,200,2,198,"2018-10-25 06:56:29"
0,182,2,180,"2018-10-25 07:01:30"
0,236,3,233,"2018-10-25 07:06:30"
0,284,4,280,"2018-10-25 07:11:29"
0,321,5,316,"2018-10-25 07:16:29"
0,361,5,356,"2018-10-25 07:21:29"
0,391,5,386,"2018-10-25 07:26:29"
0,453,5,448,"2018-10-25 07:31:29"
0,583,7,576,"2018-10-25 07:36:30"
0,764,7,757,"2018-10-25 07:41:29"
0,872,8,864,"2018-10-25 07:46:29"
0,911,8,903,"2018-10-25 07:51:29"
0,867,12,855,"2018-10-25 07:56:29"
0,767,9,758,"2018-10-25 08:01:30"
0,731,9,722,"2018-10-25 08:06:30"
0,762,11,751,"2018-10-25 08:11:29"
0,818,11,807,"2018-10-25 08:16:29"
0,875,19,856,"2018-10-25 08:21:29"
0,887,18,869,"2018-10-25 08:26:29"
0,950,19,931,"2018-10-25 08:31:30"
0,996,24,972,"2018-10-25 08:36:29"
0,1115,22,1093,"2018-10-25 08:41:30"
0,1148,26,1122,"2018-10-25 08:46:29"
0,1110,24,1086,"2018-10-25 08:51:29"
0,1026,20,1006,"2018-10-25 08:56:29"
0,878,17,861,"2018-10-25 09:01:30"
0,811,16,795,"2018-10-25 09:06:30"
0,788,17,771,"2018-10-25 09:11:29"
0,719,16,703,"2018-10-25 09:16:30"
0,682,17,665,"2018-10-25 09:21:29"
0,665,12,653,"2018-10-25 09:26:29"
0,630,12,618,"2018-10-25 09:31:29"
0,601,7,594,"2018-10-25 09:36:30"
0,573,7,566,"2018-10-25 09:41:29"
0,574,8,566,"2018-10-25 09:46:30"
0,504,7,497,"2018-10-25 09:51:29"
0,480,6,474,"2018-10-25 09:56:30"
0,425,4,421,"2018-10-25 10:01:29"
0,382,4,378,"2018-10-25 10:06:29"
0,391,5,386,"2018-10-25 10:11:29"
0,394,4,390,"2018-10-25 10:16:29"
0,394,3,391,"2018-10-25 10:21:29"
0,386,2,384,"2018-10-25 10:26:29"
0,360,2,358,"2018-10-25 10:31:30"
0,381,2,379,"2018-10-25 10:36:29"
0,382,2,380,"2018-10-25 10:41:30"
0,394,2,392,"2018-10-25 10:46:29"
0,394,3,391,"2018-10-25 10:51:29"
0,376,4,372,"2018-10-25 10:56:29"
0,349,4,345,"2018-10-25 11:01:30"
0,345,5,340,"2018-10-25 11:06:30"
0,381,5,376,"2018-10-25 11:11:29"
0,370,4,366,"2018-10-25 11:16:28"
0,401,5,396,"2018-10-25 11:21:29"
0,386,5,381,"2018-10-25 11:26:29"
0,381,4,377,"2018-10-25 11:31:29"
0,409,3,406,"2018-10-25 11:36:29"
0,423,3,420,"2018-10-25 11:41:29"
0,448,3,445,"2018-10-25 11:46:29"
0,433,2,431,"2018-10-25 11:51:29"
0,435,4,431,"2018-10-25 11:56:29"
0,406,5,401,"2018-10-25 12:01:29"
0,427,6,421,"2018-10-25 12:06:29"
0,456,9,447,"2018-10-25 12:11:28"
0,448,11,437,"2018-10-25 12:16:29"
0,475,8,467,"2018-10-25 12:21:28"
0,457,6,451,"2018-10-25 12:26:29"
0,443,5,438,"2018-10-25 12:31:29"
0,447,3,444,"2018-10-25 12:36:29"
0,450,4,446,"2018-10-25 12:41:28"
0,472,4,468,"2018-10-25 12:46:29"
0,475,5,470,"2018-10-25 12:51:29"
0,457,4,453,"2018-10-25 12:56:29"
0,419,5,414,"2018-10-25 13:01:29"
0,466,6,460,"2018-10-25 13:06:30"
0,512,7,505,"2018-10-25 13:11:29"
0,577,6,571,"2018-10-25 13:16:29"
0,529,5,524,"2018-10-25 13:21:29"
0,534,8,526,"2018-10-25 13:26:29"
0,585,8,577,"2018-10-25 13:31:29"
0,641,7,634,"2018-10-25 13:36:28"
0,629,6,623,"2018-10-25 13:41:29"
0,650,4,646,"2018-10-25 13:46:28"
0,628,7,621,"2018-10-25 13:51:29"
0,622,8,614,"2018-10-25 13:56:29"
0,599,8,591,"2018-10-25 14:01:29"
0,655,9,646,"2018-10-25 14:06:29"
0,730,12,718,"2018-10-25 14:11:28"
0,748,11,737,"2018-10-25 14:16:29"
0,760,13,747,"2018-10-25 14:21:28"
0,765,9,756,"2018-10-25 14:26:29"
0,706,9,697,"2018-10-25 14:31:28"
0,714,14,700,"2018-10-25 14:36:29"
0,779,16,763,"2018-10-25 14:41:28"
0,793,17,776,"2018-10-25 14:46:29"
0,735,15,720,"2018-10-25 14:51:28"
0,671,10,661,"2018-10-25 14:56:29"
0,599,7,592,"2018-10-25 15:01:29"
0,654,5,649,"2018-10-25 15:06:29"
0,681,5,676,"2018-10-25 15:11:28"
0,720,11,709,"2018-10-25 15:16:29"
0,675,13,662,"2018-10-25 15:21:28"
0,639,15,624,"2018-10-25 15:26:29"
0,632,16,616,"2018-10-25 15:31:28"
0,626,16,610,"2018-10-25 15:36:28"
0,601,8,593,"2018-10-25 15:41:29"
0,615,7,608,"2018-10-25 15:46:29"
0,591,7,584,"2018-10-25 15:51:28"
0,571,5,566,"2018-10-25 15:56:28"
0,532,4,528,"2018-10-25 16:01:29"
0,578,3,575,"2018-10-25 16:06:28"
0,634,3,631,"2018-10-25 16:11:29"
0,648,3,645,"2018-10-25 16:16:28"
0,661,6,655,"2018-10-25 16:21:28"
0,616,7,609,"2018-10-25 16:26:29"
0,602,9,593,"2018-10-25 16:31:28"
0,622,10,612,"2018-10-25 16:36:28"
0,658,10,648,"2018-10-25 16:41:28"
0,667,8,659,"2018-10-25 16:46:29"
0,616,8,608,"2018-10-25 16:51:28"
0,586,8,578,"2018-10-25 16:56:28"
0,572,6,566,"2018-10-25 17:01:28"
0,624,11,613,"2018-10-25 17:06:28"
0,713,12,701,"2018-10-25 17:11:29"
0,756,17,739,"2018-10-25 17:16:28"
0,817,17,800,"2018-10-25 17:21:29"
0,767,16,751,"2018-10-25 17:26:28"
0,734,20,714,"2018-10-25 17:31:28"
0,789,16,773,"2018-10-25 17:36:28"
0,864,15,849,"2018-10-25 17:41:29"
0,883,12,871,"2018-10-25 17:46:28"
0,838,12,826,"2018-10-25 17:51:28"
0,802,10,792,"2018-10-25 17:56:28"
0,813,10,803,"2018-10-25 18:01:29"
0,893,12,881,"2018-10-25 18:06:29"
0,1007,12,995,"2018-10-25 18:11:28"
0,1096,15,1081,"2018-10-25 18:16:29"
0,1156,19,1137,"2018-10-25 18:21:28"
0,1109,18,1091,"2018-10-25 18:26:28"
0,1024,16,1008,"2018-10-25 18:31:28"
0,1044,17,1027,"2018-10-25 18:36:29"
0,1042,12,1030,"2018-10-25 18:41:28"
0,1016,14,1002,"2018-10-25 18:46:28"
0,978,13,965,"2018-10-25 18:51:28"
0,911,13,898,"2018-10-25 18:56:28"
0,901,10,891,"2018-10-25 19:01:29"
0,903,11,892,"2018-10-25 19:06:29"
0,941,11,930,"2018-10-25 19:11:29"
0,967,16,951,"2018-10-25 19:16:28"
0,943,20,923,"2018-10-25 19:21:28"
0,927,21,906,"2018-10-25 19:26:29"
0,911,24,887,"2018-10-25 19:31:28"
0,897,15,882,"2018-10-25 19:36:28"
0,869,14,855,"2018-10-25 19:41:28"
0,810,13,797,"2018-10-25 19:46:28"
0,781,12,769,"2018-10-25 19:51:28"
0,753,14,739,"2018-10-25 19:56:28"
0,745,11,734,"2018-10-25 20:01:28"
0,763,12,751,"2018-10-25 20:06:29"
0,799,12,787,"2018-10-25 20:11:28"
0,834,13,821,"2018-10-25 20:16:28"
0,806,11,795,"2018-10-25 20:21:28"
0,765,11,754,"2018-10-25 20:26:28"
0,715,12,703,"2018-10-25 20:31:28"
0,705,11,694,"2018-10-25 20:36:28"
0,699,13,686,"2018-10-25 20:41:27"
0,688,15,673,"2018-10-25 20:46:28"
0,709,15,694,"2018-10-25 20:51:28"
0,701,16,685,"2018-10-25 20:56:28"
0,651,16,635,"2018-10-25 21:01:28"
0,662,12,650,"2018-10-25 21:06:28"
0,657,8,649,"2018-10-25 21:11:28"
0,614,8,606,"2018-10-25 21:16:28"
0,576,6,570,"2018-10-25 21:21:28"
0,556,6,550,"2018-10-25 21:26:28"
0,534,5,529,"2018-10-25 21:31:28"
0,505,4,501,"2018-10-25 21:36:28"
0,492,3,489,"2018-10-25 21:41:27"
0,434,2,432,"2018-10-25 21:46:28"
0,419,2,417,"2018-10-25 21:51:28"
0,396,3,393,"2018-10-25 21:56:28"
0,365,6,359,"2018-10-25 22:01:29"
0,393,7,386,"2018-10-25 22:06:29"
0,377,5,372,"2018-10-25 22:11:28"
0,392,8,384,"2018-10-25 22:16:28"
0,386,8,378,"2018-10-25 22:21:28"
0,355,7,348,"2018-10-25 22:26:28"
0,338,5,333,"2018-10-25 22:31:28"
0,323,4,319,"2018-10-25 22:36:28"
0,292,6,286,"2018-10-25 22:41:28"
0,290,6,284,"2018-10-25 22:46:28"
0,267,5,262,"2018-10-25 22:51:27"
0,275,5,270,"2018-10-25 22:56:28"
0,263,4,259,"2018-10-25 23:01:29"
0,280,6,274,"2018-10-25 23:06:28"
0,287,8,279,"2018-10-25 23:11:28"
0,291,9,282,"2018-10-25 23:16:28"
0,293,8,285,"2018-10-25 23:21:27"
0,314,8,306,"2018-10-25 23:26:28"
0,310,10,300,"2018-10-25 23:31:28"
0,296,8,288,"2018-10-25 23:36:28"
0,304,8,296,"2018-10-25 23:41:28"
0,273,6,267,"2018-10-25 23:46:27"
0,275,7,268,"2018-10-25 23:51:28"
0,266,6,260,"2018-10-25 23:56:27"
0,270,5,265,"2018-10-26 00:01:31"
0,269,4,265,"2018-10-26 00:06:30"
0,263,6,257,"2018-10-26 00:11:28"
0,256,6,250,"2018-10-26 00:16:28"
0,250,6,244,"2018-10-26 00:21:28"
0,242,5,237,"2018-10-26 00:26:28"
0,228,6,222,"2018-10-26 00:31:29"
0,207,5,202,"2018-10-26 00:36:28"
0,211,5,206,"2018-10-26 00:41:28"
0,200,4,196,"2018-10-26 00:46:28"
0,196,4,192,"2018-10-26 00:51:28"
0,173,3,170,"2018-10-26 00:56:28"
0,157,3,154,"2018-10-26 01:01:29"
0,161,3,158,"2018-10-26 01:06:29"
0,153,1,152,"2018-10-26 01:11:28"
0,150,1,149,"2018-10-26 01:16:29"
0,134,2,132,"2018-10-26 01:21:28"
0,127,3,124,"2018-10-26 01:26:28"
0,116,3,113,"2018-10-26 01:31:29"
0,110,1,109,"2018-10-26 01:36:29"
0,113,1,112,"2018-10-26 01:41:28"
0,100,0,100,"2018-10-26 01:46:28"
0,101,0,101,"2018-10-26 01:51:28"
0,104,0,104,"2018-10-26 01:56:28"
0,96,0,96,"2018-10-26 02:01:28"
0,83,0,83,"2018-10-26 02:06:28"
0,85,1,84,"2018-10-26 02:11:29"
0,73,1,72,"2018-10-26 02:16:28"
0,69,1,68,"2018-10-26 02:21:28"
0,64,0,64,"2018-10-26 02:26:28"
0,57,0,57,"2018-10-26 02:31:28"
0,53,0,53,"2018-10-26 02:36:29"
0,49,0,49,"2018-10-26 02:41:28"
0,49,0,49,"2018-10-26 02:46:28"
0,52,0,52,"2018-10-26 02:51:27"
0,48,1,47,"2018-10-26 02:56:28"
0,47,0,47,"2018-10-26 03:01:29"
0,34,0,34,"2018-10-26 03:06:29"
0,27,0,27,"2018-10-26 03:11:28"
0,25,0,25,"2018-10-26 03:16:28"
0,25,0,25,"2018-10-26 03:21:29"
0,25,0,25,"2018-10-26 03:26:28"
0,25,0,25,"2018-10-26 03:31:28"
0,25,0,25,"2018-10-26 03:36:28"
0,25,0,25,"2018-10-26 03:41:28"
0,25,0,25,"2018-10-26 03:46:28"
0,25,0,25,"2018-10-26 03:51:28"
0,25,0,25,"2018-10-26 03:56:28"
0,25,0,25,"2018-10-26 04:01:27"
0,25,0,25,"2018-10-26 04:06:28"
0,25,0,25,"2018-10-26 04:11:28"
0,25,0,25,"2018-10-26 04:16:27"
0,25,0,25,"2018-10-26 04:21:27"
0,25,0,25,"2018-10-26 04:26:27"
0,25,0,25,"2018-10-26 04:34:45"
0,25,0,25,"2018-10-26 04:36:28"
0,25,0,25,"2018-10-26 04:41:28"
0,25,0,25,"2018-10-26 04:46:27"
0,25,0,25,"2018-10-26 04:51:28"
0,25,0,25,"2018-10-26 04:56:27"
0,37,0,37,"2018-10-26 05:01:28"
0,56,0,56,"2018-10-26 05:06:29"
0,61,1,60,"2018-10-26 05:11:29"
0,72,0,72,"2018-10-26 05:16:29"
0,64,0,64,"2018-10-26 05:21:29"
0,57,0,57,"2018-10-26 05:26:29"
0,54,0,54,"2018-10-26 05:31:30"
0,63,0,63,"2018-10-26 05:36:29"
0,72,0,72,"2018-10-26 05:41:29"
0,72,0,72,"2018-10-26 05:46:29"
0,80,0,80,"2018-10-26 05:51:30"
0,75,0,75,"2018-10-26 05:56:29"
0,57,0,57,"2018-10-26 06:01:30"
0,57,0,57,"2018-10-26 06:06:30"
0,67,0,67,"2018-10-26 06:11:30"
0,78,1,77,"2018-10-26 06:16:29"
0,92,0,92,"2018-10-26 06:21:29"
0,96,0,96,"2018-10-26 06:26:29"
0,129,2,127,"2018-10-26 06:31:29"
0,150,2,148,"2018-10-26 06:36:29"
0,176,1,175,"2018-10-26 06:41:28"
0,215,0,215,"2018-10-26 06:46:29"
0,211,0,211,"2018-10-26 06:51:29"
0,190,0,190,"2018-10-26 06:56:29"
0,184,0,184,"2018-10-26 07:01:29"
0,231,1,230,"2018-10-26 07:06:29"
0,282,2,280,"2018-10-26 07:11:29"
0,301,2,299,"2018-10-26 07:16:29"
0,352,4,348,"2018-10-26 07:21:29"
0,393,3,390,"2018-10-26 07:26:28"
0,451,4,447,"2018-10-26 07:31:29"
0,576,3,573,"2018-10-26 07:36:29"
0,748,3,745,"2018-10-26 07:41:29"
0,850,7,843,"2018-10-26 07:46:28"
0,918,9,909,"2018-10-26 07:51:29"
0,907,12,895,"2018-10-26 07:56:29"
0,768,14,754,"2018-10-26 08:01:29"
0,702,16,686,"2018-10-26 08:06:29"
0,747,14,733,"2018-10-26 08:11:29"
0,762,9,753,"2018-10-26 08:16:29"
0,783,9,774,"2018-10-26 08:21:28"
0,815,11,804,"2018-10-26 08:26:29"
0,829,13,816,"2018-10-26 08:31:29"
0,901,15,886,"2018-10-26 08:36:28"
0,971,15,956,"2018-10-26 08:41:29"
0,993,18,975,"2018-10-26 08:46:29"
0,962,22,940,"2018-10-26 08:51:28"
0,895,23,872,"2018-10-26 08:56:29"
0,780,18,762,"2018-10-26 09:01:29"
0,742,21,721,"2018-10-26 09:06:29"
0,743,25,718,"2018-10-26 09:11:29"
0,714,20,694,"2018-10-26 09:16:28"
0,681,19,662,"2018-10-26 09:21:29"
0,631,14,617,"2018-10-26 09:26:28"
0,500,6,494,"2018-10-26 09:31:29"
0,406,5,401,"2018-10-26 09:36:29"
0,502,5,497,"2018-10-26 09:41:28"
0,513,5,508,"2018-10-26 09:46:29"
0,503,6,497,"2018-10-26 09:51:29"
0,440,9,431,"2018-10-26 09:56:29"
0,384,10,374,"2018-10-26 10:01:29"
0,386,9,377,"2018-10-26 10:06:29"
0,384,10,374,"2018-10-26 10:12:01"
0,333,6,327,"2018-10-26 10:16:29"
0,330,5,325,"2018-10-26 10:22:04"
0,325,5,320,"2018-10-26 10:27:12"
0,345,4,341,"2018-10-26 10:32:11"
0,370,3,367,"2018-10-26 10:37:04"
0,403,3,400,"2018-10-26 10:41:54"
0,382,3,379,"2018-10-26 10:47:03"
0,363,4,359,"2018-10-26 10:52:13"
0,328,3,325,"2018-10-26 10:57:05"
0,325,3,322,"2018-10-26 11:02:21"
0,343,2,341,"2018-10-26 11:07:13"
0,367,3,364,"2018-10-26 11:12:26"
0,371,2,369,"2018-10-26 11:17:18"
0,393,1,392,"2018-10-26 11:21:36"
0,367,0,367,"2018-10-26 11:26:28"
0,376,0,376,"2018-10-26 11:31:29"
0,399,2,397,"2018-10-26 11:36:29"
0,428,2,426,"2018-10-26 11:41:28"
0,445,2,443,"2018-10-26 11:46:29"
0,441,4,437,"2018-10-26 11:51:28"
0,402,2,400,"2018-10-26 11:56:28"
0,401,2,399,"2018-10-26 12:01:28"
0,382,2,380,"2018-10-26 12:06:29"
0,428,3,425,"2018-10-26 12:11:28"
0,434,5,429,"2018-10-26 12:16:29"
0,439,6,433,"2018-10-26 12:21:28"
0,424,4,420,"2018-10-26 12:26:29"
0,421,3,418,"2018-10-26 12:31:28"
0,438,2,436,"2018-10-26 12:36:28"
0,479,4,475,"2018-10-26 12:41:28"
0,475,3,472,"2018-10-26 12:46:29"
0,477,3,474,"2018-10-26 12:51:28"
0,449,3,446,"2018-10-26 12:56:28"
0,468,3,465,"2018-10-26 13:01:28"
0,438,3,435,"2018-10-26 13:06:28"
0,486,4,482,"2018-10-26 13:11:29"
0,512,4,508,"2018-10-26 13:16:28"
0,512,5,507,"2018-10-26 13:21:28"
0,513,7,506,"2018-10-26 13:26:28"
0,493,7,486,"2018-10-26 13:31:29"
0,539,6,533,"2018-10-26 13:36:28"
0,566,7,559,"2018-10-26 13:41:29"
0,598,3,595,"2018-10-26 13:46:28"
0,601,3,598,"2018-10-26 13:51:28"
0,569,3,566,"2018-10-26 13:56:29"
0,555,3,552,"2018-10-26 14:01:28"
0,650,8,642,"2018-10-26 14:06:29"
0,794,11,783,"2018-10-26 14:11:28"
0,797,12,785,"2018-10-26 14:16:28"
0,820,11,809,"2018-10-26 14:21:29"
0,782,11,771,"2018-10-26 14:26:28"
0,798,8,790,"2018-10-26 14:31:28"
0,846,9,837,"2018-10-26 14:41:43"
0,900,12,888,"2018-10-26 14:46:40"
0,855,11,844,"2018-10-26 14:51:41"
0,805,14,791,"2018-10-26 14:56:40"
0,738,14,724,"2018-10-26 15:01:41"
0,832,13,819,"2018-10-26 15:06:41"
0,924,9,915,"2018-10-26 15:11:40"
0,959,12,947,"2018-10-26 15:16:41"
0,921,11,910,"2018-10-26 15:21:40"
0,861,12,849,"2018-10-26 15:26:41"
0,815,11,804,"2018-10-26 15:31:41"
0,774,10,764,"2018-10-26 15:36:40"
0,742,13,729,"2018-10-26 15:41:40"
0,745,10,735,"2018-10-26 15:46:40"
0,737,10,727,"2018-10-26 15:51:40"
0,693,9,684,"2018-10-26 15:56:40"
0,662,11,651,"2018-10-26 16:01:40"
0,678,9,669,"2018-10-26 16:06:40"
0,714,7,707,"2018-10-26 16:11:40"
0,731,7,724,"2018-10-26 16:16:40"
0,697,7,690,"2018-10-26 16:21:41"
0,697,9,688,"2018-10-26 16:26:40"
0,651,7,644,"2018-10-26 16:31:40"
0,672,10,662,"2018-10-26 16:36:40"
0,700,10,690,"2018-10-26 16:41:41"
0,684,11,673,"2018-10-26 16:46:40"
0,703,8,695,"2018-10-26 16:51:40"
0,656,9,647,"2018-10-26 16:56:41"
0,639,7,632,"2018-10-26 17:01:40"
0,640,7,633,"2018-10-26 17:06:40"
0,666,9,657,"2018-10-26 17:11:41"
0,686,10,676,"2018-10-26 17:16:40"
0,695,12,683,"2018-10-26 17:21:40"
0,670,9,661,"2018-10-26 17:26:40"
0,683,6,677,"2018-10-26 17:31:41"
0,694,7,687,"2018-10-26 17:36:40"
0,714,5,709,"2018-10-26 17:41:40"
0,714,5,709,"2018-10-26 17:46:40"
0,711,7,704,"2018-10-26 17:51:40"
0,685,6,679,"2018-10-26 17:56:40"
0,678,11,667,"2018-10-26 18:01:42"
0,722,14,708,"2018-10-26 18:06:40"
0,781,15,766,"2018-10-26 18:11:40"
0,774,15,759,"2018-10-26 18:16:40"
0,748,16,732,"2018-10-26 18:21:41"
0,706,13,693,"2018-10-26 18:26:40"
0,702,12,690,"2018-10-26 18:31:40"
0,762,12,750,"2018-10-26 18:36:40"
0,789,9,780,"2018-10-26 18:41:40"
0,765,10,755,"2018-10-26 18:46:41"
0,737,11,726,"2018-10-26 18:51:40"
0,696,10,686,"2018-10-26 18:56:40"
0,662,10,652,"2018-10-26 19:01:40"
0,729,9,720,"2018-10-26 19:06:40"
0,724,8,716,"2018-10-26 19:11:40"
0,725,8,717,"2018-10-26 19:16:41"
0,699,6,693,"2018-10-26 19:21:40"
0,689,4,685,"2018-10-26 19:26:40"
0,726,8,718,"2018-10-26 19:31:40"
0,734,9,725,"2018-10-26 19:36:40"
0,712,7,705,"2018-10-26 19:41:40"
0,701,10,691,"2018-10-26 19:46:40"
0,686,9,677,"2018-10-26 19:51:39"
0,683,7,676,"2018-10-26 19:56:40"
0,655,8,647,"2018-10-26 20:01:41"
0,669,9,660,"2018-10-26 20:06:40"
0,661,9,652,"2018-10-26 20:11:40"
0,678,7,671,"2018-10-26 20:16:40"
0,662,8,654,"2018-10-26 20:21:40"
0,627,4,623,"2018-10-26 20:26:40"
0,631,3,628,"2018-10-26 20:31:40"
0,634,6,628,"2018-10-26 20:36:39"
0,637,8,629,"2018-10-26 20:41:40"
0,628,8,620,"2018-10-26 20:46:40"
0,585,4,581,"2018-10-26 20:51:40"
0,564,3,561,"2018-10-26 20:56:40"
0,564,3,561,"2018-10-26 21:01:40"
0,531,5,526,"2018-10-26 21:06:41"
0,538,7,531,"2018-10-26 21:11:40"
0,568,7,561,"2018-10-26 21:16:40"
0,558,8,550,"2018-10-26 21:21:39"
0,520,7,513,"2018-10-26 21:26:40"
0,504,7,497,"2018-10-26 21:31:40"
0,488,9,479,"2018-10-26 21:36:40"
0,472,8,464,"2018-10-26 21:41:41"
0,446,8,438,"2018-10-26 21:46:39"
0,431,6,425,"2018-10-26 21:51:40"
0,414,6,408,"2018-10-26 21:56:39"
0,384,7,377,"2018-10-26 22:01:40"
0,371,9,362,"2018-10-26 22:06:40"
0,395,11,384,"2018-10-26 22:11:39"
0,376,12,364,"2018-10-26 22:16:40"
0,390,9,381,"2018-10-26 22:21:40"
0,379,8,371,"2018-10-26 22:26:39"
0,353,6,347,"2018-10-26 22:31:40"
0,340,5,335,"2018-10-26 22:36:40"
0,324,3,321,"2018-10-26 22:41:40"
0,318,3,315,"2018-10-26 22:46:39"
0,318,4,314,"2018-10-26 22:51:40"
0,338,8,330,"2018-10-26 22:56:40"
0,332,8,324,"2018-10-26 23:01:40"
0,302,9,293,"2018-10-26 23:06:40"
0,317,9,308,"2018-10-26 23:11:40"
0,327,5,322,"2018-10-26 23:16:40"
0,324,4,320,"2018-10-26 23:21:39"
0,325,3,322,"2018-10-26 23:26:40"
0,311,3,308,"2018-10-26 23:31:39"
0,309,3,306,"2018-10-26 23:36:40"
0,331,3,328,"2018-10-26 23:41:39"
0,328,4,324,"2018-10-26 23:46:40"
0,308,6,302,"2018-10-26 23:51:39"
0,266,6,260,"2018-10-26 23:56:40"
0,259,4,255,"2018-10-27 00:01:45"
0,287,4,283,"2018-10-27 00:06:42"
0,300,4,296,"2018-10-27 00:11:40"
0,320,5,315,"2018-10-27 00:16:40"
0,304,4,300,"2018-10-27 00:21:39"
0,313,3,310,"2018-10-27 00:26:40"
0,308,2,306,"2018-10-27 00:31:40"
0,289,2,287,"2018-10-27 00:36:40"
0,281,4,277,"2018-10-27 00:41:40"
0,306,5,301,"2018-10-27 00:46:40"
0,266,5,261,"2018-10-27 00:51:40"
0,250,4,246,"2018-10-27 00:56:40"
0,229,4,225,"2018-10-27 01:01:40"
0,228,3,225,"2018-10-27 01:06:40"
0,205,3,202,"2018-10-27 01:11:40"
0,205,2,203,"2018-10-27 01:16:40"
0,184,2,182,"2018-10-27 01:21:40"
0,175,4,171,"2018-10-27 01:26:40"
0,185,4,181,"2018-10-27 01:31:40"
0,172,4,168,"2018-10-27 01:36:47"
0,153,4,149,"2018-10-27 01:41:40"
0,170,5,165,"2018-10-27 01:46:40"
0,163,3,160,"2018-10-27 01:51:40"
0,159,3,156,"2018-10-27 01:56:39"
0,171,3,168,"2018-10-27 02:01:40"
0,156,3,153,"2018-10-27 02:06:40"
0,157,6,151,"2018-10-27 02:11:40"
0,162,5,157,"2018-10-27 02:16:40"
0,151,3,148,"2018-10-27 02:21:40"
0,164,2,162,"2018-10-27 02:26:40"
0,146,2,144,"2018-10-27 02:31:41"
0,146,2,144,"2018-10-27 02:36:39"
0,141,1,140,"2018-10-27 02:41:40"
0,145,2,143,"2018-10-27 02:46:40"
0,123,2,121,"2018-10-27 02:51:40"
0,134,3,131,"2018-10-27 02:56:40"
0,133,3,130,"2018-10-27 03:01:39"
0,139,2,137,"2018-10-27 03:06:40"
0,154,3,151,"2018-10-27 03:11:40"
0,149,4,145,"2018-10-27 03:16:40"
0,138,3,135,"2018-10-27 03:21:40"
0,138,3,135,"2018-10-27 03:26:39"
0,139,2,137,"2018-10-27 03:31:39"
0,141,2,139,"2018-10-27 03:36:40"
0,113,1,112,"2018-10-27 03:41:40"
0,106,1,105,"2018-10-27 03:46:39"
0,114,1,113,"2018-10-27 03:51:39"
0,100,1,99,"2018-10-27 03:56:39"
0,101,2,99,"2018-10-27 04:01:39"
0,96,2,94,"2018-10-27 04:06:39"
0,101,2,99,"2018-10-27 04:11:40"
0,93,1,92,"2018-10-27 04:16:39"
0,85,1,84,"2018-10-27 04:21:39"
0,75,1,74,"2018-10-27 04:26:39"
0,74,1,73,"2018-10-27 04:34:36"
0,73,1,72,"2018-10-27 04:36:40"
0,69,1,68,"2018-10-27 04:41:39"
0,74,1,73,"2018-10-27 04:46:39"
0,58,1,57,"2018-10-27 04:51:39"
0,60,1,59,"2018-10-27 04:56:39"
0,65,1,64,"2018-10-27 05:01:40"
0,62,1,61,"2018-10-27 05:06:42"
0,54,1,53,"2018-10-27 05:11:41"
0,54,1,53,"2018-10-27 05:16:41"
0,53,1,52,"2018-10-27 05:21:41"
0,58,1,57,"2018-10-27 05:26:41"
0,61,1,60,"2018-10-27 05:31:41"
0,57,1,56,"2018-10-27 05:36:41"
0,59,1,58,"2018-10-27 05:41:41"
0,58,1,57,"2018-10-27 05:46:41"
0,61,2,59,"2018-10-27 05:51:41"
0,71,2,69,"2018-10-27 05:56:41"
0,58,1,57,"2018-10-27 06:01:41"
0,62,1,61,"2018-10-27 06:06:41"
0,64,1,63,"2018-10-27 06:11:41"
0,70,1,69,"2018-10-27 06:16:40"
0,73,1,72,"2018-10-27 06:21:41"
0,76,1,75,"2018-10-27 06:26:41"
0,74,2,72,"2018-10-27 06:31:41"
0,74,2,72,"2018-10-27 06:36:41"
0,76,3,73,"2018-10-27 06:41:41"
0,88,2,86,"2018-10-27 06:46:41"
0,75,2,73,"2018-10-27 06:51:40"
0,78,2,76,"2018-10-27 06:56:41"
0,65,1,64,"2018-10-27 07:01:41"
0,74,1,73,"2018-10-27 07:06:41"
0,84,1,83,"2018-10-27 07:11:41"
0,86,2,84,"2018-10-27 07:16:41"
0,82,2,80,"2018-10-27 07:21:40"
0,77,1,76,"2018-10-27 07:26:41"
0,75,1,74,"2018-10-27 07:31:41"
0,85,1,84,"2018-10-27 07:36:41"
0,95,1,94,"2018-10-27 07:41:40"
0,97,1,96,"2018-10-27 07:46:40"
0,111,1,110,"2018-10-27 07:51:41"
0,109,2,107,"2018-10-27 07:56:41"
0,93,2,91,"2018-10-27 08:01:41"
0,97,2,95,"2018-10-27 08:06:41"
0,111,2,109,"2018-10-27 08:11:40"
0,120,3,117,"2018-10-27 08:16:41"
0,129,2,127,"2018-10-27 08:21:40"
0,140,2,138,"2018-10-27 08:26:41"
0,142,3,139,"2018-10-27 08:31:40"
0,159,2,157,"2018-10-27 08:36:41"
0,166,2,164,"2018-10-27 08:41:40"
0,132,1,131,"2018-10-27 08:46:41"
0,121,1,120,"2018-10-27 08:51:40"
0,93,1,92,"2018-10-27 08:56:41"
0,92,1,91,"2018-10-27 09:01:41"
0,94,1,93,"2018-10-27 09:06:41"
0,92,1,91,"2018-10-27 09:11:41"
0,106,1,105,"2018-10-27 09:16:41"
0,112,1,111,"2018-10-27 09:21:40"
0,120,1,119,"2018-10-27 09:26:41"
0,111,1,110,"2018-10-27 09:31:40"
0,87,1,86,"2018-10-27 09:36:41"
0,83,1,82,"2018-10-27 09:41:40"
0,70,1,69,"2018-10-27 09:46:41"
0,67,1,66,"2018-10-27 09:51:41"
0,60,1,59,"2018-10-27 09:56:40"
0,65,1,64,"2018-10-27 10:01:41"
0,75,1,74,"2018-10-27 10:06:41"
0,91,1,90,"2018-10-27 10:11:41"
0,107,1,106,"2018-10-27 10:16:40"
0,119,1,118,"2018-10-27 10:21:40"
0,137,1,136,"2018-10-27 10:26:40"
0,156,1,155,"2018-10-27 10:31:41"
0,119,2,117,"2018-10-27 10:36:40"
0,91,2,89,"2018-10-27 10:41:40"
0,86,2,84,"2018-10-27 10:46:40"
0,77,2,75,"2018-10-27 10:51:40"
0,78,2,76,"2018-10-27 10:56:41"
0,74,2,72,"2018-10-27 11:01:40"
0,76,1,75,"2018-10-27 11:06:41"
0,94,1,93,"2018-10-27 11:11:41"
0,94,1,93,"2018-10-27 11:16:40"
0,78,1,77,"2018-10-27 11:21:41"
0,85,1,84,"2018-10-27 11:26:40"
0,97,1,96,"2018-10-27 11:31:41"
0,108,1,107,"2018-10-27 11:36:40"
0,111,1,110,"2018-10-27 11:41:41"
0,88,1,87,"2018-10-27 11:46:40"
0,90,1,89,"2018-10-27 11:51:41"
0,84,1,83,"2018-10-27 11:56:40"
0,83,1,82,"2018-10-27 12:01:41"
0,75,1,74,"2018-10-27 12:06:41"
0,71,1,70,"2018-10-27 12:11:40"
0,59,1,58,"2018-10-27 12:16:40"
0,57,1,56,"2018-10-27 12:21:40"
0,48,1,47,"2018-10-27 12:26:40"
0,57,1,56,"2018-10-27 12:31:41"
0,59,1,58,"2018-10-27 12:36:40"
0,62,1,61,"2018-10-27 12:41:40"
0,57,1,56,"2018-10-27 12:46:40"
0,65,1,64,"2018-10-27 12:51:40"
0,63,1,62,"2018-10-27 12:56:40"
0,59,1,58,"2018-10-27 13:01:40"
0,57,1,56,"2018-10-27 13:06:40"
0,55,1,54,"2018-10-27 13:11:40"
0,56,1,55,"2018-10-27 13:16:40"
0,58,1,57,"2018-10-27 13:21:40"
0,56,1,55,"2018-10-27 13:26:40"
0,44,1,43,"2018-10-27 13:31:40"
0,53,1,52,"2018-10-27 13:36:40"
0,53,1,52,"2018-10-27 13:41:40"
0,58,1,57,"2018-10-27 13:46:41"
0,57,1,56,"2018-10-27 13:51:40"
0,55,1,54,"2018-10-27 13:56:40"
0,62,1,61,"2018-10-27 14:01:41"
0,56,1,55,"2018-10-27 14:06:40"
0,57,1,56,"2018-10-27 14:11:40"
0,60,1,59,"2018-10-27 14:16:39"
0,69,2,67,"2018-10-27 14:21:40"
0,65,2,63,"2018-10-27 14:26:40"
0,58,2,56,"2018-10-27 14:31:40"
0,62,2,60,"2018-10-27 14:36:40"
0,65,2,63,"2018-10-27 14:41:40"
0,65,2,63,"2018-10-27 14:46:40"
0,55,2,53,"2018-10-27 14:51:40"
0,48,2,46,"2018-10-27 14:56:40"
0,47,1,46,"2018-10-27 15:01:41"
0,43,1,42,"2018-10-27 15:06:40"
0,44,1,43,"2018-10-27 15:11:40"
0,48,1,47,"2018-10-27 15:16:40"
0,57,1,56,"2018-10-27 15:21:39"
0,66,1,65,"2018-10-27 15:26:40"
0,74,1,73,"2018-10-27 15:31:40"
0,73,2,71,"2018-10-27 15:36:40"
0,80,2,78,"2018-10-27 15:41:40"
0,93,1,92,"2018-10-27 15:46:40"
0,62,0,62,"2018-10-27 15:51:40"
0,66,0,66,"2018-10-27 15:56:39"
0,63,0,63,"2018-10-27 16:01:40"
0,62,0,62,"2018-10-27 16:06:40"
0,67,0,67,"2018-10-27 16:11:39"
0,85,1,84,"2018-10-27 16:16:40"
0,81,1,80,"2018-10-27 16:21:40"
0,85,0,85,"2018-10-27 16:26:40"
0,73,0,73,"2018-10-27 16:31:40"
0,80,0,80,"2018-10-27 16:36:40"
0,69,0,69,"2018-10-27 16:41:40"
0,71,0,71,"2018-10-27 16:46:39"
0,59,0,59,"2018-10-27 16:51:40"
0,69,0,69,"2018-10-27 16:56:39"
0,67,0,67,"2018-10-27 17:01:40"
0,57,0,57,"2018-10-27 17:06:40"
0,57,0,57,"2018-10-27 17:11:40"
0,66,0,66,"2018-10-27 17:16:39"
0,75,0,75,"2018-10-27 17:21:40"
0,74,0,74,"2018-10-27 17:26:39"
0,77,0,77,"2018-10-27 17:31:40"
0,72,0,72,"2018-10-27 17:36:40"
0,72,0,72,"2018-10-27 17:41:40"
0,77,0,77,"2018-10-27 17:46:39"
0,76,0,76,"2018-10-27 17:51:40"
0,79,0,79,"2018-10-27 17:56:40"
0,73,0,73,"2018-10-27 18:01:40"
0,85,0,85,"2018-10-27 18:06:40"
0,91,1,90,"2018-10-27 18:11:40"
0,92,2,90,"2018-10-27 18:16:39"
0,87,2,85,"2018-10-27 18:21:40"
0,83,3,80,"2018-10-27 18:26:39"
0,99,3,96,"2018-10-27 18:31:40"
0,109,2,107,"2018-10-27 18:36:39"
0,129,1,128,"2018-10-27 18:41:40"
0,136,0,136,"2018-10-27 18:46:40"
0,153,0,153,"2018-10-27 18:51:39"
0,166,0,166,"2018-10-27 18:56:40"
0,189,1,188,"2018-10-27 19:01:40"
0,190,1,189,"2018-10-27 19:06:40"
0,192,1,191,"2018-10-27 19:11:40"
0,201,2,199,"2018-10-27 19:16:39"
0,207,2,205,"2018-10-27 19:21:39"
0,222,3,219,"2018-10-27 19:26:40"
0,213,4,209,"2018-10-27 19:31:40"
0,234,4,230,"2018-10-27 19:36:40"
0,230,3,227,"2018-10-27 19:41:39"
0,238,1,237,"2018-10-27 19:46:40"
0,238,1,237,"2018-10-27 19:51:39"
0,229,0,229,"2018-10-27 19:56:39"
0,210,0,210,"2018-10-27 20:01:40"
0,225,1,224,"2018-10-27 20:06:40"
0,262,3,259,"2018-10-27 20:11:39"
0,275,3,272,"2018-10-27 20:16:40"
0,281,3,278,"2018-10-27 20:21:39"
0,269,2,267,"2018-10-27 20:26:40"
0,254,1,253,"2018-10-27 20:31:40"
0,247,1,246,"2018-10-27 20:36:39"
0,245,1,244,"2018-10-27 20:41:39"
0,261,0,261,"2018-10-27 20:46:39"
0,254,1,253,"2018-10-27 20:51:40"
0,226,1,225,"2018-10-27 20:56:39"
0,277,1,276,"2018-10-27 21:01:40"
0,287,4,283,"2018-10-27 21:06:40"
0,294,4,290,"2018-10-27 21:11:40"
0,284,3,281,"2018-10-27 21:16:39"
0,303,4,299,"2018-10-27 21:21:39"
0,297,2,295,"2018-10-27 21:26:39"
0,290,1,289,"2018-10-27 21:31:39"
0,248,1,247,"2018-10-27 21:36:40"
0,246,1,245,"2018-10-27 21:41:39"
0,234,2,232,"2018-10-27 21:46:39"
0,219,3,216,"2018-10-27 21:51:40"
0,238,3,235,"2018-10-27 21:56:39"
0,219,2,217,"2018-10-27 22:01:40"
0,222,0,222,"2018-10-27 22:06:40"
0,200,0,200,"2018-10-27 22:11:39"
0,213,1,212,"2018-10-27 22:16:39"
0,203,3,200,"2018-10-27 22:21:39"
0,203,3,200,"2018-10-27 22:26:39"
0,207,1,206,"2018-10-27 22:31:40"
0,202,1,201,"2018-10-27 22:36:39"
0,189,1,188,"2018-10-27 22:41:39"
0,168,1,167,"2018-10-27 22:46:39"
0,150,0,150,"2018-10-27 22:51:39"
0,153,0,153,"2018-10-27 22:56:39"
0,165,1,164,"2018-10-27 23:01:39"
0,163,1,162,"2018-10-27 23:06:39"
0,165,2,163,"2018-10-27 23:11:39"
0,158,2,156,"2018-10-27 23:16:39"
0,133,2,131,"2018-10-27 23:21:39"
0,136,2,134,"2018-10-27 23:26:40"
0,142,2,140,"2018-10-27 23:31:39"
0,139,2,137,"2018-10-27 23:36:39"
0,134,1,133,"2018-10-27 23:41:40"
0,131,1,130,"2018-10-27 23:46:39"
0,114,2,112,"2018-10-27 23:51:39"
0,107,1,106,"2018-10-27 23:56:40"
0,71,1,70,"2018-10-28 00:01:43"
0,87,0,87,"2018-10-28 00:06:41"
0,81,0,81,"2018-10-28 00:11:39"
0,79,0,79,"2018-10-28 00:16:40"
0,69,0,69,"2018-10-28 00:21:40"
0,76,0,76,"2018-10-28 00:26:40"
0,67,0,67,"2018-10-28 00:31:40"
0,84,0,84,"2018-10-28 00:36:40"
0,93,1,92,"2018-10-28 00:41:40"
0,96,0,96,"2018-10-28 00:46:40"
0,91,0,91,"2018-10-28 00:51:40"
0,89,0,89,"2018-10-28 00:56:40"
0,97,0,97,"2018-10-28 01:01:41"
0,102,0,102,"2018-10-28 01:06:40"
0,104,1,103,"2018-10-28 01:11:40"
0,104,1,103,"2018-10-28 01:16:39"
0,99,0,99,"2018-10-28 01:21:39"
0,93,0,93,"2018-10-28 01:26:39"
0,91,0,91,"2018-10-28 01:31:39"
0,85,1,84,"2018-10-28 01:36:39"
0,79,1,78,"2018-10-28 01:41:39"
0,82,1,81,"2018-10-28 01:46:39"
0,94,1,93,"2018-10-28 01:51:39"
0,106,1,105,"2018-10-28 01:56:40"
0,75,1,74,"2018-10-28 02:01:39"
0,68,1,67,"2018-10-28 02:06:39"
0,63,1,62,"2018-10-28 02:11:39"
0,50,1,49,"2018-10-28 02:16:39"
0,57,1,56,"2018-10-28 02:21:39"
0,63,0,63,"2018-10-28 02:26:39"
0,58,0,58,"2018-10-28 02:31:40"
0,54,0,54,"2018-10-28 02:36:39"
0,59,0,59,"2018-10-28 02:41:39"
0,62,0,62,"2018-10-28 02:46:39"
0,50,0,50,"2018-10-28 02:51:39"
0,56,0,56,"2018-10-28 02:56:39"
0,51,0,51,"2018-10-28 03:01:38"
0,47,0,47,"2018-10-28 03:06:39"
0,48,0,48,"2018-10-28 03:11:39"
0,39,0,39,"2018-10-28 03:16:38"
0,54,0,54,"2018-10-28 03:21:39"
0,56,0,56,"2018-10-28 03:26:39"
0,52,0,52,"2018-10-28 03:31:39"
0,49,0,49,"2018-10-28 03:36:38"
0,39,0,39,"2018-10-28 03:41:39"
0,44,0,44,"2018-10-28 03:46:39"
0,43,0,43,"2018-10-28 03:51:38"
0,49,0,49,"2018-10-28 03:56:39"
0,48,0,48,"2018-10-28 04:01:39"
0,43,0,43,"2018-10-28 04:06:39"
0,39,0,39,"2018-10-28 04:11:39"
0,38,1,37,"2018-10-28 04:16:39"
0,43,1,42,"2018-10-28 04:21:39"
0,41,0,41,"2018-10-28 04:26:39"
0,34,0,34,"2018-10-28 04:34:43"
0,39,0,39,"2018-10-28 04:36:38"
0,42,0,42,"2018-10-28 04:41:39"
0,43,0,43,"2018-10-28 04:46:38"
0,47,0,47,"2018-10-28 04:51:39"
0,51,0,51,"2018-10-28 04:56:39"
0,57,0,57,"2018-10-28 05:01:38"
0,49,0,49,"2018-10-28 05:06:41"
0,49,0,49,"2018-10-28 05:11:41"
0,40,0,40,"2018-10-28 05:16:40"
0,48,0,48,"2018-10-28 05:21:41"
0,50,0,50,"2018-10-28 05:26:40"
0,46,1,45,"2018-10-28 05:31:41"
0,47,1,46,"2018-10-28 05:36:40"
0,60,1,59,"2018-10-28 05:41:40"
0,58,1,57,"2018-10-28 05:46:40"
0,45,1,44,"2018-10-28 05:51:40"
0,40,2,38,"2018-10-28 05:56:41"
0,38,1,37,"2018-10-28 06:01:40"
0,34,1,33,"2018-10-28 06:06:40"
0,32,1,31,"2018-10-28 06:11:40"
0,48,0,48,"2018-10-28 06:16:40"
0,37,0,37,"2018-10-28 06:21:40"
0,42,1,41,"2018-10-28 06:26:41"
0,42,1,41,"2018-10-28 06:31:40"
0,51,2,49,"2018-10-28 06:36:40"
0,49,2,47,"2018-10-28 06:41:40"
0,49,2,47,"2018-10-28 06:46:40"
0,50,1,49,"2018-10-28 06:51:40"
0,46,1,45,"2018-10-28 06:56:40"
0,33,1,32,"2018-10-28 07:01:40"
0,39,1,38,"2018-10-28 07:06:40"
0,42,0,42,"2018-10-28 07:11:41"
0,39,0,39,"2018-10-28 07:16:40"
0,42,0,42,"2018-10-28 07:21:40"
0,36,0,36,"2018-10-28 07:26:40"
0,39,0,39,"2018-10-28 07:31:40"
0,40,0,40,"2018-10-28 07:36:40"
0,39,1,38,"2018-10-28 07:41:40"
0,48,0,48,"2018-10-28 07:46:39"
0,43,0,43,"2018-10-28 07:51:40"
0,38,0,38,"2018-10-28 07:56:40"
0,31,0,31,"2018-10-28 08:01:40"
0,34,0,34,"2018-10-28 08:06:40"
0,37,0,37,"2018-10-28 08:11:40"
0,45,0,45,"2018-10-28 08:16:40"
0,46,1,45,"2018-10-28 08:21:40"
0,50,2,48,"2018-10-28 08:26:39"
0,63,2,61,"2018-10-28 08:31:40"
0,59,2,57,"2018-10-28 08:36:40"
0,57,0,57,"2018-10-28 08:41:40"
0,58,0,58,"2018-10-28 08:46:40"
0,59,0,59,"2018-10-28 08:51:40"
0,53,0,53,"2018-10-28 08:56:39"
0,44,0,44,"2018-10-28 09:01:40"
0,53,0,53,"2018-10-28 09:06:40"
0,50,0,50,"2018-10-28 09:11:40"
0,56,0,56,"2018-10-28 09:16:40"
0,61,0,61,"2018-10-28 09:21:41"
0,57,0,57,"2018-10-28 09:26:40"
0,48,0,48,"2018-10-28 09:31:41"
0,37,0,37,"2018-10-28 09:36:40"
0,44,0,44,"2018-10-28 09:41:41"
0,44,0,44,"2018-10-28 09:46:40"
0,35,0,35,"2018-10-28 09:51:40"
0,43,0,43,"2018-10-28 09:56:39"
0,36,0,36,"2018-10-28 10:01:40"
0,37,0,37,"2018-10-28 10:06:40"
0,42,0,42,"2018-10-28 10:11:40"
0,49,0,49,"2018-10-28 10:16:40"
0,44,0,44,"2018-10-28 10:21:40"
0,43,0,43,"2018-10-28 10:26:40"
0,36,0,36,"2018-10-28 10:31:40"
0,49,0,49,"2018-10-28 10:36:40"
0,67,0,67,"2018-10-28 10:41:40"
0,68,0,68,"2018-10-28 10:46:40"
0,74,0,74,"2018-10-28 10:51:40"
0,75,0,75,"2018-10-28 10:56:39"
0,69,0,69,"2018-10-28 11:01:40"
0,67,0,67,"2018-10-28 11:06:40"
0,63,0,63,"2018-10-28 11:11:40"
0,65,0,65,"2018-10-28 11:16:40"
0,62,0,62,"2018-10-28 11:21:40"
0,61,0,61,"2018-10-28 11:26:39"
0,65,1,64,"2018-10-28 11:31:40"
0,66,1,65,"2018-10-28 11:36:40"
0,76,1,75,"2018-10-28 11:41:40"
0,80,0,80,"2018-10-28 11:46:39"
0,79,0,79,"2018-10-28 11:51:40"
0,86,0,86,"2018-10-28 11:56:39"
0,99,0,99,"2018-10-28 12:01:40"
0,104,0,104,"2018-10-28 12:06:40"
0,110,0,110,"2018-10-28 12:11:40"
0,112,0,112,"2018-10-28 12:16:40"
0,127,0,127,"2018-10-28 12:21:40"
0,140,1,139,"2018-10-28 12:26:39"
0,137,2,135,"2018-10-28 12:31:40"
0,150,2,148,"2018-10-28 12:36:39"
0,165,3,162,"2018-10-28 12:41:40"
0,161,1,160,"2018-10-28 12:46:39"
0,184,2,182,"2018-10-28 12:51:40"
0,170,2,168,"2018-10-28 12:56:40"
0,190,2,188,"2018-10-28 13:01:39"
0,178,1,177,"2018-10-28 13:06:40"
0,169,0,169,"2018-10-28 13:11:39"
0,140,0,140,"2018-10-28 13:16:39"
0,153,0,153,"2018-10-28 13:21:40"
0,160,0,160,"2018-10-28 13:26:39"
0,156,0,156,"2018-10-28 13:31:40"
0,178,0,178,"2018-10-28 13:36:39"
0,173,0,173,"2018-10-28 13:41:40"
0,188,0,188,"2018-10-28 13:46:39"
0,226,0,226,"2018-10-28 13:51:40"
0,258,1,257,"2018-10-28 13:56:40"
0,264,2,262,"2018-10-28 14:01:40"
0,266,1,265,"2018-10-28 14:06:40"
0,232,2,230,"2018-10-28 14:11:40"
0,242,0,242,"2018-10-28 14:16:39"
0,255,1,254,"2018-10-28 14:21:40"
0,282,1,281,"2018-10-28 14:26:40"
0,288,1,287,"2018-10-28 14:31:39"
0,294,1,293,"2018-10-28 14:36:39"
0,263,0,263,"2018-10-28 14:41:39"
0,246,0,246,"2018-10-28 14:46:40"
0,233,0,233,"2018-10-28 14:51:39"
0,238,0,238,"2018-10-28 14:56:39"
0,251,0,251,"2018-10-28 15:01:40"
0,248,1,247,"2018-10-28 15:06:39"
0,275,0,275,"2018-10-28 15:11:40"
0,306,1,305,"2018-10-28 15:16:39"
0,295,2,293,"2018-10-28 15:21:39"
0,296,5,291,"2018-10-28 15:26:40"
0,330,6,324,"2018-10-28 15:31:39"
0,332,7,325,"2018-10-28 15:36:39"
0,338,7,331,"2018-10-28 15:41:39"
0,355,6,349,"2018-10-28 15:46:40"
0,363,5,358,"2018-10-28 15:51:39"
0,351,2,349,"2018-10-28 15:56:39"
0,360,2,358,"2018-10-28 16:01:39"
0,346,1,345,"2018-10-28 16:06:40"
0,364,1,363,"2018-10-28 16:11:39"
0,331,0,331,"2018-10-28 16:16:40"
0,356,0,356,"2018-10-28 16:21:39"
0,321,1,320,"2018-10-28 16:26:39"
0,311,3,308,"2018-10-28 16:31:40"
0,305,3,302,"2018-10-28 16:36:39"
0,309,2,307,"2018-10-28 16:41:39"
0,290,1,289,"2018-10-28 16:46:39"
0,269,1,268,"2018-10-28 16:51:39"
0,269,4,265,"2018-10-28 16:56:39"
0,257,2,255,"2018-10-28 17:01:40"
0,262,3,259,"2018-10-28 17:06:40"
0,280,3,277,"2018-10-28 17:11:39"
0,287,4,283,"2018-10-28 17:16:39"
0,278,4,274,"2018-10-28 17:21:39"
0,275,1,274,"2018-10-28 17:26:39"
0,296,1,295,"2018-10-28 17:31:40"
0,293,0,293,"2018-10-28 17:36:40"
0,272,1,271,"2018-10-28 17:41:39"
0,291,3,288,"2018-10-28 17:46:39"
0,290,3,287,"2018-10-28 17:51:39"
0,276,4,272,"2018-10-28 17:56:39"
0,242,4,238,"2018-10-28 18:01:40"
0,274,1,273,"2018-10-28 18:06:39"
0,372,0,372,"2018-10-28 18:11:39"
0,438,1,437,"2018-10-28 18:16:39"
0,511,2,509,"2018-10-28 18:21:38"
0,533,3,530,"2018-10-28 18:26:39"
0,535,4,531,"2018-10-28 18:31:40"
0,509,5,504,"2018-10-28 18:36:39"
0,494,4,490,"2018-10-28 18:41:39"
0,463,3,460,"2018-10-28 18:46:39"
0,409,1,408,"2018-10-28 18:51:39"
0,361,1,360,"2018-10-28 18:56:39"
0,343,1,342,"2018-10-28 19:01:39"
0,316,0,316,"2018-10-28 19:06:39"
0,297,0,297,"2018-10-28 19:11:38"
0,331,2,329,"2018-10-28 19:16:39"
0,319,2,317,"2018-10-28 19:21:39"
0,294,1,293,"2018-10-28 19:26:39"
0,298,1,297,"2018-10-28 19:31:39"
0,293,1,292,"2018-10-28 19:36:39"
0,294,1,293,"2018-10-28 19:41:39"
0,304,2,302,"2018-10-28 19:46:39"
0,283,3,280,"2018-10-28 19:51:39"
0,300,4,296,"2018-10-28 19:56:39"
0,302,3,299,"2018-10-28 20:01:39"
0,272,2,270,"2018-10-28 20:06:39"
0,275,2,273,"2018-10-28 20:11:39"
0,263,2,261,"2018-10-28 20:16:39"
0,246,3,243,"2018-10-28 20:21:39"
0,252,3,249,"2018-10-28 20:26:39"
0,246,1,245,"2018-10-28 20:31:39"
0,231,1,230,"2018-10-28 20:36:40"
0,234,1,233,"2018-10-28 20:41:39"
0,225,1,224,"2018-10-28 20:46:39"
0,252,3,249,"2018-10-28 20:51:39"
0,228,3,225,"2018-10-28 20:56:39"
0,212,4,208,"2018-10-28 21:01:39"
0,223,1,222,"2018-10-28 21:06:40"
0,214,1,213,"2018-10-28 21:11:38"
0,215,0,215,"2018-10-28 21:16:39"
0,201,0,201,"2018-10-28 21:21:38"
0,200,0,200,"2018-10-28 21:26:39"
0,196,1,195,"2018-10-28 21:31:39"
0,202,2,200,"2018-10-28 21:36:39"
0,177,1,176,"2018-10-28 21:41:38"
0,168,1,167,"2018-10-28 21:46:39"
0,157,1,156,"2018-10-28 21:51:39"
0,153,1,152,"2018-10-28 21:56:38"
0,140,3,137,"2018-10-28 22:01:39"
0,137,2,135,"2018-10-28 22:06:39"
0,150,3,147,"2018-10-28 22:11:39"
0,151,3,148,"2018-10-28 22:16:38"
0,158,1,157,"2018-10-28 22:21:39"
0,146,0,146,"2018-10-28 22:26:39"
0,154,0,154,"2018-10-28 22:31:39"
0,138,0,138,"2018-10-28 22:36:38"
0,136,0,136,"2018-10-28 22:41:39"
0,140,0,140,"2018-10-28 22:46:39"
0,137,2,135,"2018-10-28 22:51:38"
0,134,2,132,"2018-10-28 22:56:38"
0,139,1,138,"2018-10-28 23:01:39"
0,135,1,134,"2018-10-28 23:06:39"
0,152,1,151,"2018-10-28 23:11:39"
0,145,1,144,"2018-10-28 23:16:39"
0,136,0,136,"2018-10-28 23:21:38"
0,156,1,155,"2018-10-28 23:26:39"
0,152,1,151,"2018-10-28 23:31:39"
0,163,2,161,"2018-10-28 23:36:39"
0,142,1,141,"2018-10-28 23:41:38"
0,147,3,144,"2018-10-28 23:46:39"
0,144,3,141,"2018-10-28 23:51:38"
0,128,2,126,"2018-10-28 23:56:39"
0,111,2,109,"2018-10-29 00:01:41"
0,113,1,112,"2018-10-29 00:06:39"
0,108,1,107,"2018-10-29 00:11:39"
0,94,2,92,"2018-10-29 00:16:39"
0,96,2,94,"2018-10-29 00:21:39"
0,96,4,92,"2018-10-29 00:26:39"
0,86,3,83,"2018-10-29 00:31:40"
0,84,1,83,"2018-10-29 00:36:39"
0,88,1,87,"2018-10-29 00:41:39"
0,90,0,90,"2018-10-29 00:46:39"
0,96,0,96,"2018-10-29 00:51:39"
0,82,0,82,"2018-10-29 00:56:39"
0,65,0,65,"2018-10-29 01:01:39"
0,58,0,58,"2018-10-29 01:06:40"
0,56,0,56,"2018-10-29 01:11:39"
0,50,0,50,"2018-10-29 01:16:39"
0,56,0,56,"2018-10-29 01:21:38"
0,46,1,45,"2018-10-29 01:26:39"
0,53,2,51,"2018-10-29 01:31:39"
0,56,2,54,"2018-10-29 01:36:39"
0,49,2,47,"2018-10-29 01:41:39"
0,40,1,39,"2018-10-29 01:46:39"
0,36,1,35,"2018-10-29 01:51:39"
0,37,0,37,"2018-10-29 01:56:38"
0,40,0,40,"2018-10-29 02:01:39"
0,27,0,27,"2018-10-29 02:06:39"
0,18,0,18,"2018-10-29 02:11:39"
0,15,0,15,"2018-10-29 02:16:39"
0,13,0,13,"2018-10-29 02:21:39"
0,12,0,12,"2018-10-29 02:26:39"
0,11,0,11,"2018-10-29 02:31:39"
0,11,0,11,"2018-10-29 02:36:39"
0,11,0,11,"2018-10-29 02:41:39"
0,10,0,10,"2018-10-29 02:46:38"
0,10,0,10,"2018-10-29 02:51:39"
0,9,0,9,"2018-10-29 02:56:39"
0,8,0,8,"2018-10-29 03:01:39"
0,8,0,8,"2018-10-29 03:06:39"
0,8,0,8,"2018-10-29 03:11:39"
0,8,0,8,"2018-10-29 03:16:39"
0,7,0,7,"2018-10-29 03:21:39"
0,7,0,7,"2018-10-29 03:26:39"
0,7,0,7,"2018-10-29 03:31:39"
0,7,0,7,"2018-10-29 03:36:39"
0,7,0,7,"2018-10-29 03:41:39"
0,7,0,7,"2018-10-29 03:46:39"
0,7,0,7,"2018-10-29 03:51:38"
0,7,0,7,"2018-10-29 03:56:38"
0,7,0,7,"2018-10-29 04:01:39"
0,7,0,7,"2018-10-29 04:06:39"
0,7,0,7,"2018-10-29 04:11:38"
0,7,0,7,"2018-10-29 04:16:38"
0,7,0,7,"2018-10-29 04:21:38"
0,6,0,6,"2018-10-29 04:26:38"
0,6,0,6,"2018-10-29 04:34:47"
0,6,0,6,"2018-10-29 04:36:38"
0,6,0,6,"2018-10-29 04:41:38"
0,6,0,6,"2018-10-29 04:46:38"
0,6,0,6,"2018-10-29 04:51:38"
0,6,0,6,"2018-10-29 04:56:38"
0,10,1,9,"2018-10-29 05:01:39"
0,16,1,15,"2018-10-29 05:06:40"
0,17,0,17,"2018-10-29 05:11:39"
0,20,0,20,"2018-10-29 05:16:40"
0,26,0,26,"2018-10-29 05:21:39"
0,28,0,28,"2018-10-29 05:26:40"
0,31,0,31,"2018-10-29 05:31:40"
0,32,0,32,"2018-10-29 05:36:40"
0,44,0,44,"2018-10-29 05:41:40"
0,50,0,50,"2018-10-29 05:46:40"
0,44,0,44,"2018-10-29 05:51:40"
0,35,0,35,"2018-10-29 05:56:39"
0,37,0,37,"2018-10-29 06:01:40"
0,42,0,42,"2018-10-29 06:06:40"
0,47,0,47,"2018-10-29 06:11:39"
0,60,0,60,"2018-10-29 06:16:40"
0,66,0,66,"2018-10-29 06:21:40"
0,83,0,83,"2018-10-29 06:26:40"
0,102,0,102,"2018-10-29 06:31:40"
0,111,2,109,"2018-10-29 06:36:40"
0,132,2,130,"2018-10-29 06:41:40"
0,170,2,168,"2018-10-29 06:46:39"
0,178,2,176,"2018-10-29 06:51:39"
0,158,0,158,"2018-10-29 06:56:40"
0,152,2,150,"2018-10-29 07:01:40"
0,177,3,174,"2018-10-29 07:06:40"
0,204,4,200,"2018-10-29 07:11:40"
0,264,4,260,"2018-10-29 07:16:39"
0,315,3,312,"2018-10-29 07:21:40"
0,369,1,368,"2018-10-29 07:26:39"
0,444,2,442,"2018-10-29 07:31:40"
0,523,3,520,"2018-10-29 07:36:39"
0,623,3,620,"2018-10-29 07:41:40"
0,770,4,766,"2018-10-29 07:46:39"
0,790,2,788,"2018-10-29 07:51:40"
0,713,7,706,"2018-10-29 07:56:40"
0,656,10,646,"2018-10-29 08:01:40"
0,591,13,578,"2018-10-29 08:06:40"
0,640,11,629,"2018-10-29 08:11:40"
0,696,12,684,"2018-10-29 08:16:39"
0,708,12,696,"2018-10-29 08:21:40"
0,743,14,729,"2018-10-29 08:26:40"
0,739,13,726,"2018-10-29 08:31:40"
0,809,15,794,"2018-10-29 08:36:39"
0,917,18,899,"2018-10-29 08:41:39"
0,968,19,949,"2018-10-29 08:46:40"
0,962,16,946,"2018-10-29 08:51:40"
0,853,17,836,"2018-10-29 08:56:40"
0,751,12,739,"2018-10-29 09:01:40"
0,673,13,660,"2018-10-29 09:06:39"
0,630,16,614,"2018-10-29 09:11:40"
0,582,14,568,"2018-10-29 09:16:39"
0,545,16,529,"2018-10-29 09:21:40"
0,457,12,445,"2018-10-29 09:26:39"
0,427,11,416,"2018-10-29 09:31:40"
0,368,8,360,"2018-10-29 09:36:39"
0,435,8,427,"2018-10-29 09:41:40"
0,438,7,431,"2018-10-29 09:46:39"
0,405,6,399,"2018-10-29 09:51:40"
0,370,5,365,"2018-10-29 09:56:39"
0,319,4,315,"2018-10-29 10:01:40"
0,304,4,300,"2018-10-29 10:06:40"
0,280,4,276,"2018-10-29 10:11:39"
0,293,4,289,"2018-10-29 10:16:39"
0,292,3,289,"2018-10-29 10:21:39"
0,289,3,286,"2018-10-29 10:26:39"
0,305,3,302,"2018-10-29 10:31:40"
0,312,3,309,"2018-10-29 10:36:39"
0,319,7,312,"2018-10-29 10:41:40"
0,317,7,310,"2018-10-29 10:46:39"
0,294,6,288,"2018-10-29 10:51:39"
0,271,5,266,"2018-10-29 10:56:39"
0,276,4,272,"2018-10-29 11:01:39"
0,286,3,283,"2018-10-29 11:06:40"
0,290,2,288,"2018-10-29 11:11:39"
0,285,2,283,"2018-10-29 11:16:39"
0,258,3,255,"2018-10-29 11:21:39"
0,242,3,239,"2018-10-29 11:26:39"
0,242,3,239,"2018-10-29 11:31:41"
0,259,4,255,"2018-10-29 11:36:39"
0,282,2,280,"2018-10-29 11:41:39"
0,291,4,287,"2018-10-29 11:46:39"
0,295,2,293,"2018-10-29 11:51:39"
0,267,3,264,"2018-10-29 11:56:39"
0,270,3,267,"2018-10-29 12:01:39"
0,298,4,294,"2018-10-29 12:06:39"
0,318,6,312,"2018-10-29 12:11:40"
0,298,5,293,"2018-10-29 12:16:39"
0,314,4,310,"2018-10-29 12:21:39"
0,308,3,305,"2018-10-29 12:26:39"
0,329,3,326,"2018-10-29 12:31:39"
0,339,3,336,"2018-10-29 12:36:39"
0,359,3,356,"2018-10-29 12:41:40"
0,378,3,375,"2018-10-29 12:46:39"
0,335,3,332,"2018-10-29 12:51:39"
0,355,3,352,"2018-10-29 12:56:39"
0,341,6,335,"2018-10-29 13:01:40"
0,370,6,364,"2018-10-29 13:06:39"
0,407,4,403,"2018-10-29 13:11:39"
0,394,5,389,"2018-10-29 13:16:39"
0,439,6,433,"2018-10-29 13:21:39"
0,406,6,400,"2018-10-29 13:26:40"
0,381,5,376,"2018-10-29 13:31:39"
0,400,3,397,"2018-10-29 13:36:39"
0,476,3,473,"2018-10-29 13:41:40"
0,459,6,453,"2018-10-29 13:46:39"
0,442,6,436,"2018-10-29 13:51:39"
0,416,5,411,"2018-10-29 13:56:39"
0,419,6,413,"2018-10-29 14:01:39"
0,532,9,523,"2018-10-29 14:06:39"
0,617,13,604,"2018-10-29 14:11:39"
0,612,16,596,"2018-10-29 14:16:39"
0,590,15,575,"2018-10-29 14:21:39"
0,581,14,567,"2018-10-29 14:26:38"
0,557,12,545,"2018-10-29 14:31:39"
0,606,11,595,"2018-10-29 14:36:39"
0,661,9,652,"2018-10-29 14:41:39"
0,644,8,636,"2018-10-29 14:46:39"
0,593,9,584,"2018-10-29 14:51:39"
0,545,9,536,"2018-10-29 14:56:39"
0,540,8,532,"2018-10-29 15:01:40"
0,574,9,565,"2018-10-29 15:06:40"
0,604,9,595,"2018-10-29 15:11:39"
0,608,7,601,"2018-10-29 15:16:39"
0,596,6,590,"2018-10-29 15:21:39"
0,570,5,565,"2018-10-29 15:26:39"
0,519,7,512,"2018-10-29 15:31:39"
0,516,9,507,"2018-10-29 15:36:39"
0,532,10,522,"2018-10-29 15:41:39"
0,564,11,553,"2018-10-29 15:46:39"
0,578,13,565,"2018-10-29 15:51:39"
0,543,13,530,"2018-10-29 15:56:39"
0,484,13,471,"2018-10-29 16:01:39"
0,481,12,469,"2018-10-29 16:06:39"
0,512,13,499,"2018-10-29 16:11:39"
0,537,11,526,"2018-10-29 16:16:39"
0,534,12,522,"2018-10-29 16:21:39"
0,516,11,505,"2018-10-29 16:26:39"
0,506,11,495,"2018-10-29 16:31:38"
0,471,9,462,"2018-10-29 16:36:39"
0,530,8,522,"2018-10-29 16:41:38"
0,534,9,525,"2018-10-29 16:46:39"
0,507,8,499,"2018-10-29 16:51:39"
0,473,9,464,"2018-10-29 16:56:39"
0,447,8,439,"2018-10-29 17:01:39"
0,473,10,463,"2018-10-29 17:06:39"
0,555,11,544,"2018-10-29 17:11:39"
0,643,14,629,"2018-10-29 17:16:39"
0,615,15,600,"2018-10-29 17:21:38"
0,589,13,576,"2018-10-29 17:26:39"
0,605,11,594,"2018-10-29 17:31:38"
0,688,10,678,"2018-10-29 17:36:38"
0,710,7,703,"2018-10-29 17:41:39"
0,740,10,730,"2018-10-29 17:46:39"
0,737,10,727,"2018-10-29 17:51:38"
0,705,7,698,"2018-10-29 17:56:39"
0,687,11,676,"2018-10-29 18:01:39"
0,780,12,768,"2018-10-29 18:06:39"
0,910,10,900,"2018-10-29 18:11:39"
0,971,17,954,"2018-10-29 18:16:39"
0,990,18,972,"2018-10-29 18:21:39"
0,982,14,968,"2018-10-29 18:26:39"
0,961,15,946,"2018-10-29 18:31:38"
0,907,12,895,"2018-10-29 18:36:38"
0,889,17,872,"2018-10-29 18:41:39"
0,847,18,829,"2018-10-29 18:46:38"
0,804,17,787,"2018-10-29 18:51:39"
0,730,16,714,"2018-10-29 18:56:39"
0,692,12,680,"2018-10-29 19:01:39"
0,729,8,721,"2018-10-29 19:06:39"
0,720,11,709,"2018-10-29 19:11:38"
0,709,7,702,"2018-10-29 19:16:39"
0,704,10,694,"2018-10-29 19:21:38"
0,677,9,668,"2018-10-29 19:26:39"
0,648,8,640,"2018-10-29 19:31:39"
0,656,11,645,"2018-10-29 19:36:39"
0,642,10,632,"2018-10-29 19:41:38"
0,622,6,616,"2018-10-29 19:46:39"
0,600,6,594,"2018-10-29 19:51:39"
0,591,7,584,"2018-10-29 19:56:38"
0,523,6,517,"2018-10-29 20:01:39"
0,518,4,514,"2018-10-29 20:06:39"
0,577,3,574,"2018-10-29 20:11:38"
0,592,4,588,"2018-10-29 20:16:38"
0,516,4,512,"2018-10-29 20:21:38"
0,499,2,497,"2018-10-29 20:26:39"
0,482,2,480,"2018-10-29 20:31:39"
0,469,2,467,"2018-10-29 20:36:39"
0,508,4,504,"2018-10-29 20:41:38"
0,464,5,459,"2018-10-29 20:46:39"
0,462,6,456,"2018-10-29 20:51:39"
0,443,6,437,"2018-10-29 20:56:38"
0,425,4,421,"2018-10-29 21:01:39"
0,436,4,432,"2018-10-29 21:06:39"
0,463,4,459,"2018-10-29 21:11:38"
0,461,5,456,"2018-10-29 21:16:39"
0,422,4,418,"2018-10-29 21:21:38"
0,389,3,386,"2018-10-29 21:26:39"
0,355,2,353,"2018-10-29 21:31:38"
0,346,2,344,"2018-10-29 21:36:39"
0,321,2,319,"2018-10-29 21:41:38"
0,280,2,278,"2018-10-29 21:46:38"
0,264,3,261,"2018-10-29 21:51:38"
0,292,4,288,"2018-10-29 21:56:38"
0,289,5,284,"2018-10-29 22:01:39"
0,264,5,259,"2018-10-29 22:06:39"
0,272,4,268,"2018-10-29 22:11:38"
0,287,3,284,"2018-10-29 22:16:38"
0,261,3,258,"2018-10-29 22:21:38"
0,212,2,210,"2018-10-29 22:26:38"
0,221,1,220,"2018-10-29 22:31:39"
0,190,3,187,"2018-10-29 22:36:38"
0,172,3,169,"2018-10-29 22:41:38"
0,175,1,174,"2018-10-29 22:46:38"
0,164,0,164,"2018-10-29 22:51:39"
0,148,0,148,"2018-10-29 22:56:38"
0,154,4,150,"2018-10-29 23:11:38"
0,174,5,169,"2018-10-29 23:16:38"
0,180,6,174,"2018-10-29 23:21:38"
0,166,7,159,"2018-10-29 23:26:38"
0,169,6,163,"2018-10-29 23:31:38"
0,157,5,152,"2018-10-29 23:36:38"
0,148,3,145,"2018-10-29 23:41:38"
0,127,4,123,"2018-10-29 23:46:39"
0,131,2,129,"2018-10-29 23:51:38"
0,140,2,138,"2018-10-29 23:56:39"
0,133,1,132,"2018-10-30 00:01:41"
0,135,0,135,"2018-10-30 00:06:39"
0,129,0,129,"2018-10-30 00:11:38"
0,136,0,136,"2018-10-30 00:16:38"
0,126,0,126,"2018-10-30 00:21:38"
0,117,1,116,"2018-10-30 00:26:38"
0,114,1,113,"2018-10-30 00:31:38"
0,112,1,111,"2018-10-30 00:36:38"
0,102,1,101,"2018-10-30 00:41:38"
0,89,0,89,"2018-10-30 00:46:38"
0,79,1,78,"2018-10-30 00:51:38"
0,76,1,75,"2018-10-30 00:56:38"
0,77,1,76,"2018-10-30 01:01:38"
0,75,1,74,"2018-10-30 01:06:38"
0,69,1,68,"2018-10-30 01:11:38"
0,63,1,62,"2018-10-30 01:16:38"
0,55,1,54,"2018-10-30 01:21:38"
0,61,3,58,"2018-10-30 01:26:38"
0,61,3,58,"2018-10-30 01:31:38"
0,51,2,49,"2018-10-30 01:36:38"
0,51,2,49,"2018-10-30 01:41:38"
0,38,1,37,"2018-10-30 01:46:38"
0,33,1,32,"2018-10-30 01:51:37"
0,34,1,33,"2018-10-30 01:56:38"
0,42,1,41,"2018-10-30 02:01:39"
0,33,0,33,"2018-10-30 02:06:39"
0,26,0,26,"2018-10-30 02:11:38"
0,21,0,21,"2018-10-30 02:16:38"
0,18,0,18,"2018-10-30 02:21:38"
0,17,0,17,"2018-10-30 02:26:38"
0,17,0,17,"2018-10-30 02:31:38"
0,17,0,17,"2018-10-30 02:36:38"
0,17,0,17,"2018-10-30 02:41:38"
0,17,0,17,"2018-10-30 02:46:38"
0,17,0,17,"2018-10-30 02:51:37"
0,17,0,17,"2018-10-30 02:56:38"
0,17,0,17,"2018-10-30 03:01:39"
0,17,0,17,"2018-10-30 03:06:38"
0,17,0,17,"2018-10-30 03:11:38"
0,16,0,16,"2018-10-30 03:16:38"
0,16,0,16,"2018-10-30 03:21:38"
0,16,0,16,"2018-10-30 03:26:37"
0,16,0,16,"2018-10-30 03:31:38"
0,15,0,15,"2018-10-30 03:36:37"
0,15,0,15,"2018-10-30 03:41:38"
0,15,0,15,"2018-10-30 03:46:37"
0,15,0,15,"2018-10-30 03:51:38"
0,15,0,15,"2018-10-30 03:56:38"
0,15,0,15,"2018-10-30 04:01:38"
0,15,0,15,"2018-10-30 04:06:37"
0,14,0,14,"2018-10-30 04:11:37"
0,14,0,14,"2018-10-30 04:16:37"
0,14,0,14,"2018-10-30 04:21:38"
0,14,0,14,"2018-10-30 04:26:38"
0,14,0,14,"2018-10-30 04:34:38"
0,14,0,14,"2018-10-30 04:36:38"
0,14,0,14,"2018-10-30 04:41:37"
0,14,0,14,"2018-10-30 04:46:38"
0,14,0,14,"2018-10-30 04:51:37"
0,14,0,14,"2018-10-30 04:56:38"
0,19,0,19,"2018-10-30 05:01:38"
0,26,0,26,"2018-10-30 05:06:39"
0,29,0,29,"2018-10-30 05:11:40"
0,32,0,32,"2018-10-30 05:16:39"
0,35,0,35,"2018-10-30 05:21:39"
0,38,0,38,"2018-10-30 05:26:39"
0,36,0,36,"2018-10-30 05:31:39"
0,40,0,40,"2018-10-30 05:36:39"
0,36,0,36,"2018-10-30 05:41:39"
0,37,0,37,"2018-10-30 05:46:40"
0,48,0,48,"2018-10-30 05:51:39"
0,48,0,48,"2018-10-30 05:56:40"
0,42,0,42,"2018-10-30 06:01:39"
0,41,1,40,"2018-10-30 06:06:40"
0,48,1,47,"2018-10-30 06:11:39"
0,53,0,53,"2018-10-30 06:16:39"
0,67,0,67,"2018-10-30 06:21:39"
0,87,1,86,"2018-10-30 06:26:40"
0,94,1,93,"2018-10-30 06:31:39"
0,136,1,135,"2018-10-30 06:36:39"
0,160,1,159,"2018-10-30 06:41:39"
0,165,0,165,"2018-10-30 06:46:40"
0,182,0,182,"2018-10-30 06:51:40"
0,168,0,168,"2018-10-30 06:56:39"
0,160,1,159,"2018-10-30 07:01:40"
0,198,1,197,"2018-10-30 07:06:39"
0,231,3,228,"2018-10-30 07:11:39"
0,266,2,264,"2018-10-30 07:16:39"
0,313,2,311,"2018-10-30 07:21:39"
0,380,2,378,"2018-10-30 07:26:40"
0,437,3,434,"2018-10-30 07:31:39"
0,558,1,557,"2018-10-30 07:36:39"
0,687,3,684,"2018-10-30 07:41:39"
0,777,6,771,"2018-10-30 07:46:39"
0,817,5,812,"2018-10-30 07:51:39"
0,754,5,749,"2018-10-30 07:56:40"
0,720,7,713,"2018-10-30 08:01:39"
0,684,9,675,"2018-10-30 08:06:39"
0,714,12,702,"2018-10-30 08:11:40"
0,773,12,761,"2018-10-30 08:16:39"
0,812,11,801,"2018-10-30 08:21:39"
0,871,13,858,"2018-10-30 08:26:39"
0,924,14,910,"2018-10-30 08:31:40"
0,967,19,948,"2018-10-30 08:36:39"
0,1049,23,1026,"2018-10-30 08:41:39"
0,1094,21,1073,"2018-10-30 08:46:39"
0,1035,23,1012,"2018-10-30 08:51:39"
0,948,17,931,"2018-10-30 08:56:39"
0,819,12,807,"2018-10-30 09:01:39"
0,721,11,710,"2018-10-30 09:06:39"
0,692,15,677,"2018-10-30 09:11:39"
0,676,12,664,"2018-10-30 09:16:39"
0,660,14,646,"2018-10-30 09:21:39"
0,589,8,581,"2018-10-30 09:26:39"
0,516,7,509,"2018-10-30 09:31:39"
0,485,6,479,"2018-10-30 09:36:39"
0,504,10,494,"2018-10-30 09:41:39"
0,518,9,509,"2018-10-30 09:46:39"
0,478,11,467,"2018-10-30 09:51:39"
0,406,8,398,"2018-10-30 09:56:39"
0,317,4,313,"2018-10-30 10:01:39"
0,331,2,329,"2018-10-30 10:06:39"
0,350,4,346,"2018-10-30 10:11:39"
0,310,5,305,"2018-10-30 10:16:39"
0,343,3,340,"2018-10-30 10:21:39"
0,338,6,332,"2018-10-30 10:26:39"
0,327,8,319,"2018-10-30 10:31:38"
0,322,6,316,"2018-10-30 10:36:40"
0,359,5,354,"2018-10-30 10:41:39"
0,363,2,361,"2018-10-30 10:46:39"
0,365,2,363,"2018-10-30 10:51:38"
0,339,2,337,"2018-10-30 10:56:39"
0,333,1,332,"2018-10-30 11:01:39"
0,336,1,335,"2018-10-30 11:06:38"
0,366,3,363,"2018-10-30 11:11:39"
0,377,3,374,"2018-10-30 11:16:39"
0,379,4,375,"2018-10-30 11:21:39"
0,347,2,345,"2018-10-30 11:26:39"
0,367,2,365,"2018-10-30 11:31:39"
0,397,1,396,"2018-10-30 11:36:39"
0,423,2,421,"2018-10-30 11:41:39"
0,436,3,433,"2018-10-30 11:46:38"
0,451,4,447,"2018-10-30 11:51:39"
0,378,4,374,"2018-10-30 11:56:39"
0,373,3,370,"2018-10-30 12:01:39"
0,364,3,361,"2018-10-30 12:06:39"
0,398,3,395,"2018-10-30 12:11:38"
0,392,3,389,"2018-10-30 12:16:39"
0,430,2,428,"2018-10-30 12:21:38"
0,422,1,421,"2018-10-30 12:26:39"
0,439,2,437,"2018-10-30 12:31:39"
0,462,3,459,"2018-10-30 12:36:38"
0,492,3,489,"2018-10-30 12:41:39"
0,501,3,498,"2018-10-30 12:46:39"
0,443,2,441,"2018-10-30 12:51:39"
0,411,2,409,"2018-10-30 12:56:39"
0,410,1,409,"2018-10-30 13:01:39"
0,465,1,464,"2018-10-30 13:06:39"
0,512,2,510,"2018-10-30 13:11:39"
0,591,2,589,"2018-10-30 13:16:39"
0,568,3,565,"2018-10-30 13:21:38"
0,496,4,492,"2018-10-30 13:26:39"
0,484,4,480,"2018-10-30 13:31:38"
0,567,5,562,"2018-10-30 13:36:39"
0,596,5,591,"2018-10-30 13:41:39"
0,567,5,562,"2018-10-30 13:46:39"
0,564,7,557,"2018-10-30 13:51:38"
0,555,8,547,"2018-10-30 13:56:38"
0,555,5,550,"2018-10-30 14:01:39"
0,663,7,656,"2018-10-30 14:06:39"
0,719,7,712,"2018-10-30 14:11:38"
0,729,10,719,"2018-10-30 14:16:39"
0,694,11,683,"2018-10-30 14:21:38"
0,681,14,667,"2018-10-30 14:26:39"
0,670,13,657,"2018-10-30 14:31:38"
0,692,8,684,"2018-10-30 14:36:39"
0,724,8,716,"2018-10-30 14:41:38"
0,739,7,732,"2018-10-30 14:46:39"
0,697,7,690,"2018-10-30 14:51:38"
0,633,4,629,"2018-10-30 14:56:38"
0,596,5,591,"2018-10-30 15:01:39"
0,627,6,621,"2018-10-30 15:06:38"
0,669,5,664,"2018-10-30 15:11:39"
0,650,5,645,"2018-10-30 15:16:38"
0,666,5,661,"2018-10-30 15:21:38"
0,613,9,604,"2018-10-30 15:26:39"
0,593,10,583,"2018-10-30 15:31:38"
0,600,12,588,"2018-10-30 15:36:38"
0,615,13,602,"2018-10-30 15:41:39"
0,584,14,570,"2018-10-30 15:46:39"
0,589,8,581,"2018-10-30 15:51:38"
0,576,7,569,"2018-10-30 15:56:39"
0,505,5,500,"2018-10-30 16:01:38"
0,509,4,505,"2018-10-30 16:06:38"
0,575,3,572,"2018-10-30 16:11:39"
0,593,4,589,"2018-10-30 16:16:38"
0,596,4,592,"2018-10-30 16:21:39"
0,553,3,550,"2018-10-30 16:26:38"
0,520,3,517,"2018-10-30 16:31:39"
0,530,3,527,"2018-10-30 16:36:38"
0,581,2,579,"2018-10-30 16:41:39"
0,605,5,600,"2018-10-30 16:46:38"
0,599,6,593,"2018-10-30 16:51:38"
0,557,5,552,"2018-10-30 16:56:38"
0,523,8,515,"2018-10-30 17:01:39"
0,571,7,564,"2018-10-30 17:06:39"
0,640,5,635,"2018-10-30 17:11:38"
0,713,7,706,"2018-10-30 17:16:38"
0,721,11,710,"2018-10-30 17:21:38"
0,708,11,697,"2018-10-30 17:26:40"
0,669,8,661,"2018-10-30 17:31:39"
0,698,9,689,"2018-10-30 17:36:38"
0,762,7,755,"2018-10-30 17:41:38"
0,783,10,773,"2018-10-30 17:46:38"
0,796,9,787,"2018-10-30 17:51:39"
0,779,9,770,"2018-10-30 17:56:38"
0,764,9,755,"2018-10-30 18:01:39"
0,855,9,846,"2018-10-30 18:06:39"
0,962,10,952,"2018-10-30 18:11:38"
0,1009,11,998,"2018-10-30 18:16:38"
0,1053,14,1039,"2018-10-30 18:21:38"
0,995,15,980,"2018-10-30 18:26:38"
0,988,16,972,"2018-10-30 18:31:38"
0,939,19,920,"2018-10-30 18:36:38"
0,938,17,921,"2018-10-30 18:41:38"
0,933,17,916,"2018-10-30 18:46:38"
0,913,11,902,"2018-10-30 18:51:38"
0,874,10,864,"2018-10-30 18:56:38"
0,783,7,776,"2018-10-30 19:01:38"
0,803,9,794,"2018-10-30 19:06:38"
0,851,11,840,"2018-10-30 19:11:38"
0,865,11,854,"2018-10-30 19:16:38"
0,830,6,824,"2018-10-30 19:21:38"
0,825,8,817,"2018-10-30 19:26:38"
0,801,10,791,"2018-10-30 19:31:38"
0,801,13,788,"2018-10-30 19:36:38"
0,780,11,769,"2018-10-30 19:41:38"
0,757,7,750,"2018-10-30 19:46:38"
0,742,7,735,"2018-10-30 19:51:38"
0,695,4,691,"2018-10-30 19:56:39"
0,654,6,648,"2018-10-30 20:01:38"
0,645,7,638,"2018-10-30 20:06:38"
0,678,7,671,"2018-10-30 20:11:38"
0,694,6,688,"2018-10-30 20:16:37"
0,698,4,694,"2018-10-30 20:21:38"
0,667,7,660,"2018-10-30 20:26:37"
0,656,7,649,"2018-10-30 20:31:38"
0,618,9,609,"2018-10-30 20:36:38"
0,602,8,594,"2018-10-30 20:41:38"
0,592,7,585,"2018-10-30 20:46:38"
0,554,6,548,"2018-10-30 20:51:38"
0,517,5,512,"2018-10-30 20:56:38"
0,514,4,510,"2018-10-30 21:01:38"
0,519,3,516,"2018-10-30 21:06:38"
0,544,4,540,"2018-10-30 21:11:38"
0,518,3,515,"2018-10-30 21:16:38"
0,478,2,476,"2018-10-30 21:21:38"
0,458,2,456,"2018-10-30 21:26:37"
0,416,2,414,"2018-10-30 21:31:38"
0,371,1,370,"2018-10-30 21:36:37"
0,321,1,320,"2018-10-30 21:41:38"
0,296,1,295,"2018-10-30 21:46:37"
0,267,1,266,"2018-10-30 21:51:38"
0,274,0,274,"2018-10-30 21:56:38"
0,259,0,259,"2018-10-30 22:01:38"
0,220,0,220,"2018-10-30 22:06:38"
0,189,0,189,"2018-10-30 22:11:38"
0,198,2,196,"2018-10-30 22:16:37"
0,198,1,197,"2018-10-30 22:21:37"
0,177,1,176,"2018-10-30 22:26:38"
0,152,1,151,"2018-10-30 22:31:37"
0,122,0,122,"2018-10-30 22:36:38"
0,121,0,121,"2018-10-30 22:41:37"
0,121,0,121,"2018-10-30 22:46:38"
0,111,1,110,"2018-10-30 22:51:37"
0,105,0,105,"2018-10-30 22:56:38"
0,90,0,90,"2018-10-30 23:01:38"
0,100,1,99,"2018-10-30 23:06:38"
0,114,1,113,"2018-10-30 23:11:38"
0,114,1,113,"2018-10-30 23:16:37"
0,118,2,116,"2018-10-30 23:21:38"
0,120,4,116,"2018-10-30 23:26:38"
0,136,2,134,"2018-10-30 23:31:37"
0,162,1,161,"2018-10-30 23:36:37"
0,167,2,165,"2018-10-30 23:41:38"
0,164,2,162,"2018-10-30 23:46:37"
0,128,2,126,"2018-10-30 23:51:38"
0,97,0,97,"2018-10-30 23:56:37"
0,92,0,92,"2018-10-31 00:01:40"
0,87,0,87,"2018-10-31 00:06:39"
0,88,0,88,"2018-10-31 00:11:38"
0,94,1,93,"2018-10-31 00:16:37"
0,98,1,97,"2018-10-31 00:21:38"
0,85,2,83,"2018-10-31 00:26:38"
0,77,2,75,"2018-10-31 00:31:37"
0,74,1,73,"2018-10-31 00:36:37"
0,85,2,83,"2018-10-31 00:41:37"
0,95,1,94,"2018-10-31 00:46:38"
0,84,0,84,"2018-10-31 00:51:37"
0,75,0,75,"2018-10-31 00:56:38"
0,69,0,69,"2018-10-31 01:01:37"
0,61,0,61,"2018-10-31 01:06:38"
0,50,0,50,"2018-10-31 01:11:38"
0,49,0,49,"2018-10-31 01:16:37"
0,40,0,40,"2018-10-31 01:21:38"
0,39,0,39,"2018-10-31 01:26:37"
0,39,1,38,"2018-10-31 01:31:38"
0,36,1,35,"2018-10-31 01:36:37"
0,35,1,34,"2018-10-31 01:41:38"
0,36,1,35,"2018-10-31 01:46:37"
0,44,1,43,"2018-10-31 01:51:37"
0,41,0,41,"2018-10-31 01:56:38"
0,44,0,44,"2018-10-31 02:01:37"
0,29,0,29,"2018-10-31 02:06:37"
0,27,0,27,"2018-10-31 02:11:37"
0,24,0,24,"2018-10-31 02:16:37"
0,22,0,22,"2018-10-31 02:21:37"
0,20,0,20,"2018-10-31 02:26:37"
0,20,0,20,"2018-10-31 02:31:38"
0,20,0,20,"2018-10-31 02:36:38"
0,20,0,20,"2018-10-31 02:41:38"
0,20,0,20,"2018-10-31 02:46:37"
0,20,0,20,"2018-10-31 02:51:37"
0,20,0,20,"2018-10-31 02:56:37"
0,20,0,20,"2018-10-31 03:01:38"
0,20,0,20,"2018-10-31 03:06:37"
0,20,0,20,"2018-10-31 03:11:37"
0,20,0,20,"2018-10-31 03:16:37"
0,20,0,20,"2018-10-31 03:21:38"
0,20,0,20,"2018-10-31 03:26:37"
0,20,0,20,"2018-10-31 03:31:37"
0,20,0,20,"2018-10-31 03:36:37"
0,20,0,20,"2018-10-31 03:41:37"
0,20,0,20,"2018-10-31 03:46:37"
0,20,0,20,"2018-10-31 03:51:37"
0,20,0,20,"2018-10-31 03:56:37"
0,20,0,20,"2018-10-31 04:01:37"
0,20,0,20,"2018-10-31 04:06:37"
0,20,0,20,"2018-10-31 04:11:37"
0,20,0,20,"2018-10-31 04:16:37"
0,20,0,20,"2018-10-31 04:21:37"
0,20,0,20,"2018-10-31 04:26:37"
0,20,0,20,"2018-10-31 04:34:47"
0,19,0,19,"2018-10-31 04:36:37"
0,19,0,19,"2018-10-31 04:41:37"
0,19,0,19,"2018-10-31 04:46:37"
0,19,0,19,"2018-10-31 04:51:37"
0,19,0,19,"2018-10-31 04:56:36"
0,19,0,19,"2018-10-31 05:01:37"
0,28,0,28,"2018-10-31 05:06:39"
0,28,0,28,"2018-10-31 05:11:39"
0,26,0,26,"2018-10-31 05:16:39"
0,29,0,29,"2018-10-31 05:21:38"
0,30,0,30,"2018-10-31 05:26:39"
0,27,0,27,"2018-10-31 05:31:39"
0,29,0,29,"2018-10-31 05:36:39"
0,32,0,32,"2018-10-31 05:41:39"
0,25,0,25,"2018-10-31 05:46:39"
0,27,0,27,"2018-10-31 05:51:38"
0,24,0,24,"2018-10-31 05:56:39"
0,27,0,27,"2018-10-31 06:01:40"
0,22,0,22,"2018-10-31 06:06:39"
0,23,0,23,"2018-10-31 06:11:38"
0,25,0,25,"2018-10-31 06:16:39"
0,23,0,23,"2018-10-31 06:21:38"
0,25,0,25,"2018-10-31 06:26:39"
0,34,0,34,"2018-10-31 06:31:39"
0,41,0,41,"2018-10-31 06:36:38"
0,48,0,48,"2018-10-31 06:41:39"
0,57,0,57,"2018-10-31 06:46:39"
0,62,0,62,"2018-10-31 06:51:39"
0,49,0,49,"2018-10-31 06:56:38"
0,54,0,54,"2018-10-31 07:01:39"
0,66,1,65,"2018-10-31 07:06:39"
0,66,2,64,"2018-10-31 07:11:38"
0,71,2,69,"2018-10-31 07:16:39"
0,53,1,52,"2018-10-31 07:21:38"
0,46,0,46,"2018-10-31 07:26:38"
0,58,0,58,"2018-10-31 07:31:39"
0,54,0,54,"2018-10-31 07:36:39"
0,71,0,71,"2018-10-31 07:41:38"
0,106,0,106,"2018-10-31 07:46:39"
0,138,0,138,"2018-10-31 07:51:39"
0,128,1,127,"2018-10-31 07:56:38"
0,143,1,142,"2018-10-31 08:01:39"
0,138,0,138,"2018-10-31 08:06:39"
0,127,0,127,"2018-10-31 08:11:38"
0,88,0,88,"2018-10-31 08:16:38"
0,81,0,81,"2018-10-31 08:21:39"
0,81,0,81,"2018-10-31 08:26:38"
0,85,2,83,"2018-10-31 08:31:39"
0,77,3,74,"2018-10-31 08:36:39"
0,66,2,64,"2018-10-31 08:41:39"
0,79,2,77,"2018-10-31 08:46:39"
0,88,3,85,"2018-10-31 08:51:39"
0,78,2,76,"2018-10-31 08:56:38"
0,69,0,69,"2018-10-31 09:01:39"
0,65,0,65,"2018-10-31 09:06:39"
0,90,1,89,"2018-10-31 09:11:38"
0,125,1,124,"2018-10-31 09:16:39"
0,162,2,160,"2018-10-31 09:21:38"
0,195,2,193,"2018-10-31 09:26:39"
0,202,1,201,"2018-10-31 09:31:38"
0,155,0,155,"2018-10-31 09:36:39"
0,123,0,123,"2018-10-31 09:41:38"
0,111,1,110,"2018-10-31 09:46:38"
0,129,1,128,"2018-10-31 09:51:39"
0,151,1,150,"2018-10-31 09:56:38"
0,158,0,158,"2018-10-31 10:01:39"
0,141,0,141,"2018-10-31 10:06:39"
0,145,1,144,"2018-10-31 10:11:38"
0,107,0,107,"2018-10-31 10:16:39"
0,74,0,74,"2018-10-31 10:21:38"
0,59,0,59,"2018-10-31 10:26:38"
0,52,0,52,"2018-10-31 10:31:38"
0,40,0,40,"2018-10-31 10:36:39"
0,43,0,43,"2018-10-31 10:41:38"
0,49,0,49,"2018-10-31 10:46:38"
0,44,0,44,"2018-10-31 10:51:38"
0,43,0,43,"2018-10-31 10:56:38"
0,39,0,39,"2018-10-31 11:01:39"
0,37,0,37,"2018-10-31 11:06:39"
0,33,0,33,"2018-10-31 11:11:38"
0,42,0,42,"2018-10-31 11:16:38"
0,57,0,57,"2018-10-31 11:21:38"
0,77,0,77,"2018-10-31 11:26:39"
0,63,0,63,"2018-10-31 11:31:38"
0,66,0,66,"2018-10-31 11:36:38"
0,94,0,94,"2018-10-31 11:41:38"
0,117,0,117,"2018-10-31 11:46:39"
0,132,0,132,"2018-10-31 11:51:38"
0,129,0,129,"2018-10-31 11:56:38"
0,109,0,109,"2018-10-31 12:01:38"
0,107,0,107,"2018-10-31 12:06:39"
0,99,0,99,"2018-10-31 12:11:39"
0,115,1,114,"2018-10-31 12:16:38"
0,139,1,138,"2018-10-31 12:21:39"
0,157,1,156,"2018-10-31 12:26:38"
0,172,2,170,"2018-10-31 12:31:38"
0,192,2,190,"2018-10-31 12:36:38"
0,240,2,238,"2018-10-31 12:41:38"
0,253,1,252,"2018-10-31 12:46:38"
0,246,1,245,"2018-10-31 12:51:38"
0,267,0,267,"2018-10-31 12:56:38"
0,260,1,259,"2018-10-31 13:01:38"
0,273,1,272,"2018-10-31 13:06:38"
0,325,2,323,"2018-10-31 13:11:38"
0,339,3,336,"2018-10-31 13:16:38"
0,347,3,344,"2018-10-31 13:21:38"
0,349,3,346,"2018-10-31 13:26:38"
0,341,3,338,"2018-10-31 13:31:39"
0,383,2,381,"2018-10-31 13:36:38"
0,438,2,436,"2018-10-31 13:41:39"
0,450,3,447,"2018-10-31 13:46:38"
0,435,3,432,"2018-10-31 13:51:38"
0,416,4,412,"2018-10-31 13:56:38"
0,396,6,390,"2018-10-31 14:01:38"
0,448,6,442,"2018-10-31 14:06:38"
0,558,6,552,"2018-10-31 14:11:38"
0,543,5,538,"2018-10-31 14:16:38"
0,517,2,515,"2018-10-31 14:21:37"
0,516,4,512,"2018-10-31 14:26:38"
0,494,5,489,"2018-10-31 14:31:39"
0,549,8,541,"2018-10-31 14:36:38"
0,497,6,491,"2018-10-31 14:41:38"
0,393,8,385,"2018-10-31 14:46:38"
0,295,5,290,"2018-10-31 14:51:38"
0,198,4,194,"2018-10-31 14:56:37"
0,125,2,123,"2018-10-31 15:01:39"
0,98,2,96,"2018-10-31 15:06:38"
0,82,0,82,"2018-10-31 15:11:38"
0,82,0,82,"2018-10-31 15:16:38"
0,90,0,90,"2018-10-31 15:21:38"
0,113,0,113,"2018-10-31 15:26:38"
0,138,0,138,"2018-10-31 15:31:39"
0,148,0,148,"2018-10-31 15:36:38"
0,158,1,157,"2018-10-31 15:41:38"
0,153,1,152,"2018-10-31 15:46:38"
0,141,1,140,"2018-10-31 15:51:38"
0,161,1,160,"2018-10-31 15:56:38"
0,179,0,179,"2018-10-31 16:01:39"
0,224,1,223,"2018-10-31 16:06:38"
0,281,2,279,"2018-10-31 16:11:38"
0,328,4,324,"2018-10-31 16:16:38"
0,338,3,335,"2018-10-31 16:21:38"
0,310,4,306,"2018-10-31 16:26:38"
0,307,6,301,"2018-10-31 16:31:38"
0,322,6,316,"2018-10-31 16:36:38"
0,375,4,371,"2018-10-31 16:41:38"
0,411,3,408,"2018-10-31 16:46:38"
0,398,0,398,"2018-10-31 16:51:38"
0,373,1,372,"2018-10-31 16:56:38"
0,317,2,315,"2018-10-31 17:01:38"
0,353,3,350,"2018-10-31 17:06:38"
0,393,3,390,"2018-10-31 17:11:38"
0,413,3,410,"2018-10-31 17:16:38"
0,444,5,439,"2018-10-31 17:21:37"
0,448,6,442,"2018-10-31 17:26:38"
0,457,6,451,"2018-10-31 17:31:37"
0,512,4,508,"2018-10-31 17:36:38"
0,523,4,519,"2018-10-31 17:41:37"
0,532,5,527,"2018-10-31 17:46:38"
0,560,6,554,"2018-10-31 17:51:38"
0,550,9,541,"2018-10-31 17:56:38"
0,540,10,530,"2018-10-31 18:01:38"
0,581,7,574,"2018-10-31 18:06:38"
0,641,7,634,"2018-10-31 18:11:37"
0,699,9,690,"2018-10-31 18:16:38"
0,706,10,696,"2018-10-31 18:21:37"
0,690,9,681,"2018-10-31 18:26:38"
0,648,8,640,"2018-10-31 18:31:38"
0,647,7,640,"2018-10-31 18:36:38"
0,686,6,680,"2018-10-31 18:41:37"
0,700,6,694,"2018-10-31 18:46:37"
0,680,5,675,"2018-10-31 18:51:38"
0,602,4,598,"2018-10-31 18:56:37"
0,564,4,560,"2018-10-31 19:01:38"
0,576,6,570,"2018-10-31 19:06:38"
0,585,7,578,"2018-10-31 19:11:37"
0,627,10,617,"2018-10-31 19:16:38"
0,624,8,616,"2018-10-31 19:21:37"
0,606,6,600,"2018-10-31 19:26:38"
0,635,6,629,"2018-10-31 19:31:38"
0,625,5,620,"2018-10-31 19:36:38"
0,610,3,607,"2018-10-31 19:41:37"
0,566,3,563,"2018-10-31 19:46:37"
0,529,2,527,"2018-10-31 19:51:38"
0,439,1,438,"2018-10-31 19:56:37"
0,308,0,308,"2018-10-31 20:01:38"
0,289,0,289,"2018-10-31 20:06:38"
0,277,1,276,"2018-10-31 20:11:37"
0,231,0,231,"2018-10-31 20:16:37"
0,161,0,161,"2018-10-31 20:21:38"
0,112,0,112,"2018-10-31 20:26:37"
0,82,0,82,"2018-10-31 20:31:38"
0,98,0,98,"2018-10-31 20:36:37"
0,130,2,128,"2018-10-31 20:41:38"
0,151,3,148,"2018-10-31 20:46:37"
0,188,2,186,"2018-10-31 20:51:38"
0,172,3,169,"2018-10-31 20:56:37"
0,192,3,189,"2018-10-31 21:01:37"
0,220,2,218,"2018-10-31 21:06:38"
0,264,2,262,"2018-10-31 21:11:37"
0,276,1,275,"2018-10-31 21:16:38"
0,254,1,253,"2018-10-31 21:21:37"
0,254,1,253,"2018-10-31 21:26:37"
0,253,0,253,"2018-10-31 21:31:38"
0,224,0,224,"2018-10-31 21:36:37"
0,226,0,226,"2018-10-31 21:41:38"
0,235,0,235,"2018-10-31 21:46:37"
0,247,0,247,"2018-10-31 21:51:37"
0,222,0,222,"2018-10-31 21:56:37"
0,218,1,217,"2018-10-31 22:01:38"
0,207,1,206,"2018-10-31 22:06:38"
0,205,2,203,"2018-10-31 22:11:37"
0,210,4,206,"2018-10-31 22:16:37"
0,209,4,205,"2018-10-31 22:21:38"
0,221,1,220,"2018-10-31 22:26:37"
0,228,1,227,"2018-10-31 22:31:37"
0,205,1,204,"2018-10-31 22:36:37"
0,189,3,186,"2018-10-31 22:41:37"
0,202,2,200,"2018-10-31 22:46:38"
0,189,1,188,"2018-10-31 22:51:37"
0,181,0,181,"2018-10-31 22:56:37"
0,157,0,157,"2018-10-31 23:01:37"
0,182,0,182,"2018-10-31 23:06:37"
0,195,0,195,"2018-10-31 23:11:38"
0,197,1,196,"2018-10-31 23:16:37"
0,199,2,197,"2018-10-31 23:21:37"
0,182,1,181,"2018-10-31 23:26:37"
0,208,1,207,"2018-10-31 23:31:37"
0,192,2,190,"2018-10-31 23:36:38"
0,195,2,193,"2018-10-31 23:41:38"
0,156,1,155,"2018-10-31 23:46:37"
0,139,0,139,"2018-10-31 23:51:37"
0,137,0,137,"2018-10-31 23:56:37"
