"error","bikesInUsage","electricalBikesInUsage","mechanicalBikesInUsage","dateTime"
0,659,14,645,"2018-08-01 17:43:27"
0,666,16,650,"2018-08-01 17:45:40"
0,648,11,637,"2018-08-01 18:00:42"
0,845,13,832,"2018-08-01 18:15:40"
0,889,13,876,"2018-08-01 18:30:40"
0,817,12,805,"2018-08-01 18:45:40"
0,737,8,729,"2018-08-01 19:00:42"
0,773,7,766,"2018-08-01 19:15:40"
0,762,4,758,"2018-08-01 19:30:40"
0,747,1,746,"2018-08-01 19:45:39"
0,651,8,643,"2018-08-01 20:00:42"
0,723,6,717,"2018-08-01 20:15:40"
0,706,8,698,"2018-08-01 20:30:39"
0,636,6,630,"2018-08-01 20:45:40"
0,600,7,593,"2018-08-01 21:00:40"
0,650,5,645,"2018-08-01 21:15:40"
0,551,3,548,"2018-08-01 21:30:39"
0,509,5,504,"2018-08-01 21:45:40"
0,401,3,398,"2018-08-01 22:00:40"
0,451,2,449,"2018-08-01 22:15:40"
0,400,4,396,"2018-08-01 22:30:39"
0,333,3,330,"2018-08-01 22:45:39"
0,283,4,279,"2018-08-01 23:00:40"
0,346,4,342,"2018-08-01 23:15:39"
0,314,5,309,"2018-08-01 23:30:40"
0,347,3,344,"2018-08-01 23:45:39"
0,310,4,306,"2018-08-02 00:00:40"
0,383,2,381,"2018-08-02 00:15:40"
0,330,2,328,"2018-08-02 00:30:39"
0,291,3,288,"2018-08-02 00:45:39"
0,267,2,265,"2018-08-02 01:00:39"
0,234,2,232,"2018-08-02 01:15:39"
0,206,2,204,"2018-08-02 01:30:40"
0,204,2,202,"2018-08-02 01:45:39"
0,197,1,196,"2018-08-02 02:00:43"
0,68,0,68,"2018-08-02 02:15:39"
0,42,0,42,"2018-08-02 02:30:40"
0,34,0,34,"2018-08-02 02:45:39"
0,32,0,32,"2018-08-02 03:00:42"
0,29,0,29,"2018-08-02 03:15:39"
0,29,0,29,"2018-08-02 03:30:39"
0,26,0,26,"2018-08-02 03:45:39"
0,26,0,26,"2018-08-02 04:00:41"
0,24,0,24,"2018-08-02 04:15:39"
0,22,0,22,"2018-08-02 04:34:28"
0,21,0,21,"2018-08-02 04:45:39"
0,30,0,30,"2018-08-02 05:00:41"
0,54,0,54,"2018-08-02 05:15:40"
0,52,0,52,"2018-08-02 05:30:40"
0,73,0,73,"2018-08-02 05:45:40"
0,69,0,69,"2018-08-02 06:00:41"
0,77,1,76,"2018-08-02 06:15:40"
0,127,1,126,"2018-08-02 06:30:40"
0,219,1,218,"2018-08-02 06:45:41"
0,181,0,181,"2018-08-02 07:00:41"
0,265,1,264,"2018-08-02 07:15:40"
0,408,4,404,"2018-08-02 07:30:41"
0,710,6,704,"2018-08-02 07:45:40"
0,663,9,654,"2018-08-02 08:00:40"
0,644,9,635,"2018-08-02 08:15:40"
0,649,9,640,"2018-08-02 08:30:40"
0,802,19,783,"2018-08-02 08:45:40"
0,624,18,606,"2018-08-02 09:00:40"
0,464,12,452,"2018-08-02 09:15:40"
0,431,10,421,"2018-08-02 09:30:40"
0,430,1,429,"2018-08-02 09:45:40"
0,322,3,319,"2018-08-02 10:00:40"
0,299,2,297,"2018-08-02 10:15:41"
0,310,2,308,"2018-08-02 10:30:40"
0,297,3,294,"2018-08-02 10:45:40"
0,272,4,268,"2018-08-02 11:00:41"
0,288,3,285,"2018-08-02 11:15:40"
0,302,4,298,"2018-08-02 11:30:41"
0,318,1,317,"2018-08-02 11:45:40"
0,272,0,272,"2018-08-02 12:00:40"
0,282,1,281,"2018-08-02 12:15:40"
0,317,2,315,"2018-08-02 12:30:40"
0,357,1,356,"2018-08-02 12:45:40"
0,336,4,332,"2018-08-02 13:00:40"
0,350,8,342,"2018-08-02 13:15:40"
0,342,6,336,"2018-08-02 13:30:40"
0,382,5,377,"2018-08-02 13:45:40"
0,342,2,340,"2018-08-02 14:00:39"
0,437,3,434,"2018-08-02 14:15:40"
0,375,7,368,"2018-08-02 14:30:40"
0,397,7,390,"2018-08-02 14:45:40"
0,356,6,350,"2018-08-02 15:00:41"
0,568,7,561,"2018-08-02 15:15:40"
0,487,3,484,"2018-08-02 15:30:40"
0,452,6,446,"2018-08-02 15:45:40"
0,404,3,401,"2018-08-02 16:00:41"
0,472,3,469,"2018-08-02 16:15:39"
0,478,5,473,"2018-08-02 16:30:40"
0,496,4,492,"2018-08-02 16:45:39"
0,452,6,446,"2018-08-02 17:00:40"
0,585,9,576,"2018-08-02 17:15:40"
0,588,9,579,"2018-08-02 17:30:40"
0,631,6,625,"2018-08-02 17:45:39"
0,632,4,628,"2018-08-02 18:00:40"
0,839,7,832,"2018-08-02 18:15:41"
0,854,12,842,"2018-08-02 18:30:39"
0,844,7,837,"2018-08-02 18:45:40"
0,735,5,730,"2018-08-02 19:00:39"
0,774,12,762,"2018-08-02 19:15:40"
0,727,15,712,"2018-08-02 19:30:39"
0,728,9,719,"2018-08-02 19:45:39"
0,705,5,700,"2018-08-02 20:00:39"
0,779,9,770,"2018-08-02 20:15:39"
0,703,8,695,"2018-08-02 20:30:39"
0,637,8,629,"2018-08-02 20:45:39"
0,584,8,576,"2018-08-02 21:00:41"
0,566,3,563,"2018-08-02 21:15:39"
0,554,3,551,"2018-08-02 21:30:39"
0,445,2,443,"2018-08-02 21:45:39"
0,395,5,390,"2018-08-02 22:00:44"
0,470,4,466,"2018-08-02 22:15:39"
0,374,1,373,"2018-08-02 22:30:39"
0,331,0,331,"2018-08-02 22:45:39"
0,311,4,307,"2018-08-02 23:00:42"
0,344,5,339,"2018-08-02 23:15:39"
0,307,3,304,"2018-08-02 23:30:39"
0,322,2,320,"2018-08-02 23:45:39"
0,392,2,390,"2018-08-03 00:00:41"
0,343,2,341,"2018-08-03 00:15:39"
0,333,5,328,"2018-08-03 00:30:38"
0,247,3,244,"2018-08-03 00:45:39"
0,205,4,201,"2018-08-03 01:00:40"
0,181,2,179,"2018-08-03 01:15:38"
0,169,1,168,"2018-08-03 01:30:38"
0,147,1,146,"2018-08-03 01:45:39"
0,161,2,159,"2018-08-03 02:00:39"
0,88,1,87,"2018-08-03 02:15:38"
0,71,1,70,"2018-08-03 02:30:39"
0,63,0,63,"2018-08-03 02:45:39"
0,55,0,55,"2018-08-03 03:00:38"
0,34,0,34,"2018-08-03 03:15:39"
0,25,0,25,"2018-08-03 03:30:38"
0,24,0,24,"2018-08-03 03:45:39"
0,23,0,23,"2018-08-03 04:00:39"
0,23,0,23,"2018-08-03 04:15:38"
0,22,0,22,"2018-08-03 04:34:30"
0,21,0,21,"2018-08-03 04:45:39"
0,27,0,27,"2018-08-03 05:00:38"
0,56,1,55,"2018-08-03 05:15:40"
0,63,1,62,"2018-08-03 05:30:40"
0,59,0,59,"2018-08-03 05:45:40"
0,61,0,61,"2018-08-03 06:00:42"
0,89,2,87,"2018-08-03 06:15:40"
0,111,1,110,"2018-08-03 06:30:40"
0,178,1,177,"2018-08-03 06:45:40"
0,162,0,162,"2018-08-03 07:00:40"
0,232,0,232,"2018-08-03 07:15:40"
0,379,7,372,"2018-08-03 07:30:40"
0,658,8,650,"2018-08-03 07:45:40"
0,594,5,589,"2018-08-03 08:00:40"
0,572,10,562,"2018-08-03 08:15:40"
0,609,16,593,"2018-08-03 08:30:39"
0,761,12,749,"2018-08-03 08:45:41"
0,566,9,557,"2018-08-03 09:00:41"
0,449,7,442,"2018-08-03 09:15:40"
0,395,8,387,"2018-08-03 09:30:40"
0,350,4,346,"2018-08-03 09:45:40"
0,288,3,285,"2018-08-03 10:00:39"
0,262,2,260,"2018-08-03 10:15:40"
0,294,1,293,"2018-08-03 10:30:39"
0,316,3,313,"2018-08-03 10:45:39"
0,293,1,292,"2018-08-03 11:00:42"
0,309,1,308,"2018-08-03 11:15:39"
0,291,3,288,"2018-08-03 11:30:40"
0,350,7,343,"2018-08-03 11:45:40"
0,304,2,302,"2018-08-03 12:00:42"
0,324,2,322,"2018-08-03 12:15:39"
0,354,3,351,"2018-08-03 12:30:40"
0,354,3,351,"2018-08-03 12:45:39"
0,357,5,352,"2018-08-03 13:00:41"
0,373,3,370,"2018-08-03 13:15:40"
0,386,3,383,"2018-08-03 13:30:39"
0,413,1,412,"2018-08-03 13:45:40"
0,394,4,390,"2018-08-03 14:00:40"
0,505,1,504,"2018-08-03 14:15:39"
0,505,4,501,"2018-08-03 14:30:39"
0,514,11,503,"2018-08-03 14:45:40"
0,456,9,447,"2018-08-03 15:00:40"
0,665,8,657,"2018-08-03 15:15:40"
0,592,6,586,"2018-08-03 15:30:39"
0,480,7,473,"2018-08-03 15:45:40"
0,440,6,434,"2018-08-03 16:00:39"
0,500,4,496,"2018-08-03 16:15:39"
0,509,4,505,"2018-08-03 16:30:39"
0,503,4,499,"2018-08-03 16:45:39"
0,469,6,463,"2018-08-03 17:00:39"
0,558,5,553,"2018-08-03 17:15:39"
0,543,7,536,"2018-08-03 17:30:39"
0,532,9,523,"2018-08-03 17:45:39"
0,506,6,500,"2018-08-03 18:00:40"
0,618,6,612,"2018-08-03 18:15:39"
0,557,6,551,"2018-08-03 18:30:38"
0,576,8,568,"2018-08-03 18:45:39"
0,525,3,522,"2018-08-03 19:00:39"
0,548,3,545,"2018-08-03 19:15:39"
0,563,6,557,"2018-08-03 19:30:39"
0,604,4,600,"2018-08-03 19:45:39"
0,528,2,526,"2018-08-03 20:00:41"
0,582,6,576,"2018-08-03 20:15:38"
0,553,4,549,"2018-08-03 20:30:38"
0,531,3,528,"2018-08-03 20:45:39"
0,474,7,467,"2018-08-03 21:00:41"
0,547,8,539,"2018-08-03 21:15:39"
0,479,3,476,"2018-08-03 21:30:39"
0,471,4,467,"2018-08-03 21:45:39"
0,500,2,498,"2018-08-03 22:00:40"
0,458,4,454,"2018-08-03 22:15:39"
0,373,2,371,"2018-08-03 22:30:39"
0,305,1,304,"2018-08-03 22:45:38"
0,285,3,282,"2018-08-03 23:00:42"
0,296,4,292,"2018-08-03 23:15:38"
0,306,5,301,"2018-08-03 23:30:39"
0,264,5,259,"2018-08-03 23:45:38"
0,281,4,277,"2018-08-04 00:00:39"
0,302,8,294,"2018-08-04 00:15:39"
0,283,3,280,"2018-08-04 00:30:39"
0,298,2,296,"2018-08-04 00:45:38"
0,287,4,283,"2018-08-04 01:00:39"
0,277,7,270,"2018-08-04 01:15:39"
0,242,6,236,"2018-08-04 01:30:39"
0,202,2,200,"2018-08-04 01:45:38"
0,179,0,179,"2018-08-04 02:00:39"
0,153,0,153,"2018-08-04 02:15:39"
0,150,1,149,"2018-08-04 02:30:38"
0,118,0,118,"2018-08-04 02:45:38"
0,141,1,140,"2018-08-04 03:00:38"
0,121,1,120,"2018-08-04 03:15:38"
0,115,0,115,"2018-08-04 03:30:38"
0,95,0,95,"2018-08-04 03:45:38"
0,60,0,60,"2018-08-04 04:00:38"
0,68,0,68,"2018-08-04 04:15:38"
0,72,0,72,"2018-08-04 04:34:40"
0,56,0,56,"2018-08-04 04:45:38"
0,65,0,65,"2018-08-04 05:00:38"
0,75,0,75,"2018-08-04 05:15:40"
0,77,0,77,"2018-08-04 05:30:40"
0,86,0,86,"2018-08-04 05:45:39"
0,82,2,80,"2018-08-04 06:00:40"
0,82,1,81,"2018-08-04 06:15:40"
0,107,1,106,"2018-08-04 06:30:40"
0,139,0,139,"2018-08-04 06:45:39"
0,89,0,89,"2018-08-04 07:00:41"
0,92,1,91,"2018-08-04 07:15:39"
0,111,1,110,"2018-08-04 07:30:39"
0,139,0,139,"2018-08-04 07:45:39"
0,97,0,97,"2018-08-04 08:00:40"
0,130,0,130,"2018-08-04 08:15:40"
0,150,1,149,"2018-08-04 08:30:39"
0,226,0,226,"2018-08-04 08:45:39"
0,186,1,185,"2018-08-04 09:00:40"
0,202,1,201,"2018-08-04 09:15:39"
0,220,3,217,"2018-08-04 09:30:39"
0,246,2,244,"2018-08-04 09:45:40"
0,211,2,209,"2018-08-04 10:00:39"
0,243,1,242,"2018-08-04 10:15:40"
0,262,2,260,"2018-08-04 10:30:39"
0,276,2,274,"2018-08-04 10:45:39"
0,259,3,256,"2018-08-04 11:00:39"
0,262,1,261,"2018-08-04 11:15:39"
0,296,2,294,"2018-08-04 11:30:39"
0,302,4,298,"2018-08-04 11:45:39"
0,285,2,283,"2018-08-04 12:00:38"
0,304,0,304,"2018-08-04 12:15:39"
0,271,2,269,"2018-08-04 12:30:39"
0,295,4,291,"2018-08-04 12:45:39"
0,266,1,265,"2018-08-04 13:00:42"
0,278,1,277,"2018-08-04 13:15:39"
0,297,2,295,"2018-08-04 13:30:39"
0,289,4,285,"2018-08-04 13:45:39"
0,272,4,268,"2018-08-04 14:00:41"
0,252,3,249,"2018-08-04 14:15:39"
0,258,3,255,"2018-08-04 14:30:39"
0,295,5,290,"2018-08-04 14:45:38"
0,259,2,257,"2018-08-04 15:00:41"
0,251,3,248,"2018-08-04 15:15:38"
0,278,2,276,"2018-08-04 15:30:39"
0,270,0,270,"2018-08-04 15:45:39"
0,271,1,270,"2018-08-04 16:00:41"
0,348,0,348,"2018-08-04 16:15:38"
0,341,2,339,"2018-08-04 16:30:39"
0,361,2,359,"2018-08-04 16:45:38"
0,338,0,338,"2018-08-04 17:00:41"
0,348,2,346,"2018-08-04 17:15:38"
0,295,2,293,"2018-08-04 17:30:39"
0,286,2,284,"2018-08-04 17:45:38"
0,307,4,303,"2018-08-04 18:00:39"
0,349,2,347,"2018-08-04 18:15:38"
0,318,3,315,"2018-08-04 18:30:39"
0,366,1,365,"2018-08-04 18:45:38"
0,347,1,346,"2018-08-04 19:00:39"
0,381,2,379,"2018-08-04 19:15:38"
0,436,2,434,"2018-08-04 19:30:39"
0,436,3,433,"2018-08-04 19:45:38"
0,361,4,357,"2018-08-04 20:00:38"
0,417,3,414,"2018-08-04 20:15:39"
0,458,5,453,"2018-08-04 20:30:38"
0,405,6,399,"2018-08-04 20:45:38"
0,397,4,393,"2018-08-04 21:00:38"
0,384,7,377,"2018-08-04 21:15:39"
0,382,2,380,"2018-08-04 21:30:38"
0,374,3,371,"2018-08-04 21:45:38"
0,343,1,342,"2018-08-04 22:00:41"
0,360,4,356,"2018-08-04 22:15:38"
0,322,2,320,"2018-08-04 22:30:38"
0,271,0,271,"2018-08-04 22:45:37"
0,249,0,249,"2018-08-04 23:00:41"
0,261,4,257,"2018-08-04 23:15:38"
0,261,4,257,"2018-08-04 23:30:37"
0,223,2,221,"2018-08-04 23:45:39"
0,228,2,226,"2018-08-05 00:00:41"
0,259,4,255,"2018-08-05 00:15:38"
0,258,4,254,"2018-08-05 00:30:38"
0,208,2,206,"2018-08-05 00:45:38"
0,227,4,223,"2018-08-05 01:00:41"
0,232,4,228,"2018-08-05 01:15:38"
0,184,2,182,"2018-08-05 01:30:38"
0,180,3,177,"2018-08-05 01:45:37"
0,135,2,133,"2018-08-05 02:00:40"
0,118,1,117,"2018-08-05 02:15:38"
0,119,0,119,"2018-08-05 02:30:38"
0,129,1,128,"2018-08-05 02:45:37"
0,117,1,116,"2018-08-05 03:00:39"
0,104,0,104,"2018-08-05 03:15:37"
0,96,0,96,"2018-08-05 03:30:38"
0,68,1,67,"2018-08-05 03:45:38"
0,66,1,65,"2018-08-05 04:00:39"
0,80,1,79,"2018-08-05 04:15:38"
0,65,1,64,"2018-08-05 04:34:36"
0,59,1,58,"2018-08-05 04:45:38"
0,54,0,54,"2018-08-05 05:00:38"
0,51,0,51,"2018-08-05 05:15:39"
0,69,0,69,"2018-08-05 05:30:39"
0,73,0,73,"2018-08-05 05:45:39"
0,56,0,56,"2018-08-05 06:00:40"
0,70,1,69,"2018-08-05 06:15:40"
0,75,1,74,"2018-08-05 06:30:39"
0,103,1,102,"2018-08-05 06:45:42"
0,77,0,77,"2018-08-05 07:00:41"
0,92,0,92,"2018-08-05 07:15:39"
0,98,2,96,"2018-08-05 07:30:39"
0,106,0,106,"2018-08-05 07:45:39"
0,84,0,84,"2018-08-05 08:00:40"
0,94,0,94,"2018-08-05 08:15:39"
0,114,1,113,"2018-08-05 08:30:39"
0,146,4,142,"2018-08-05 08:45:39"
0,120,2,118,"2018-08-05 09:00:41"
0,149,0,149,"2018-08-05 09:15:39"
0,166,1,165,"2018-08-05 09:30:39"
0,194,3,191,"2018-08-05 09:45:39"
0,172,2,170,"2018-08-05 10:00:39"
0,169,4,165,"2018-08-05 10:15:39"
0,206,5,201,"2018-08-05 10:30:38"
0,252,4,248,"2018-08-05 10:45:39"
0,232,4,228,"2018-08-05 11:00:39"
0,233,0,233,"2018-08-05 11:15:39"
0,251,1,250,"2018-08-05 11:30:38"
0,289,2,287,"2018-08-05 11:45:39"
0,260,1,259,"2018-08-05 12:00:38"
0,290,1,289,"2018-08-05 12:15:38"
0,243,4,239,"2018-08-05 12:30:39"
0,244,3,241,"2018-08-05 12:45:38"
0,232,0,232,"2018-08-05 13:00:42"
0,232,0,232,"2018-08-05 13:15:38"
0,279,6,273,"2018-08-05 13:30:38"
0,269,1,268,"2018-08-05 13:45:39"
0,247,4,243,"2018-08-05 14:00:42"
0,254,3,251,"2018-08-05 14:15:38"
0,256,4,252,"2018-08-05 14:30:39"
0,249,1,248,"2018-08-05 14:45:38"
0,243,5,238,"2018-08-05 15:00:41"
0,225,5,220,"2018-08-05 15:15:38"
0,248,6,242,"2018-08-05 15:30:39"
0,243,5,238,"2018-08-05 15:45:38"
0,219,3,216,"2018-08-05 16:00:44"
0,297,4,293,"2018-08-05 16:15:38"
0,328,5,323,"2018-08-05 16:30:38"
0,298,5,293,"2018-08-05 16:45:38"
0,305,4,301,"2018-08-05 17:00:41"
0,281,3,278,"2018-08-05 17:15:38"
0,333,1,332,"2018-08-05 17:30:39"
0,346,1,345,"2018-08-05 17:45:38"
0,316,0,316,"2018-08-05 18:00:39"
0,369,0,369,"2018-08-05 18:15:38"
0,316,4,312,"2018-08-05 18:30:38"
0,351,3,348,"2018-08-05 18:45:38"
0,348,1,347,"2018-08-05 19:00:38"
0,395,7,388,"2018-08-05 19:15:38"
0,401,6,395,"2018-08-05 19:30:38"
0,432,1,431,"2018-08-05 19:45:38"
0,419,4,415,"2018-08-05 20:00:38"
0,407,7,400,"2018-08-05 20:15:38"
0,410,8,402,"2018-08-05 20:30:38"
0,374,6,368,"2018-08-05 20:45:38"
0,397,5,392,"2018-08-05 21:00:39"
0,370,4,366,"2018-08-05 21:15:37"
0,357,5,352,"2018-08-05 21:30:38"
0,360,5,355,"2018-08-05 21:45:37"
0,304,4,300,"2018-08-05 22:00:42"
0,305,5,300,"2018-08-05 22:15:38"
0,305,2,303,"2018-08-05 22:30:38"
0,282,2,280,"2018-08-05 22:45:38"
0,219,2,217,"2018-08-05 23:00:41"
0,265,2,263,"2018-08-05 23:15:37"
0,248,3,245,"2018-08-05 23:30:38"
0,202,2,200,"2018-08-05 23:45:38"
0,184,0,184,"2018-08-06 00:00:40"
0,217,0,217,"2018-08-06 00:15:38"
0,196,0,196,"2018-08-06 00:30:37"
0,190,4,186,"2018-08-06 00:45:37"
0,167,2,165,"2018-08-06 01:00:40"
0,140,4,136,"2018-08-06 01:15:37"
0,107,2,105,"2018-08-06 01:30:37"
0,92,0,92,"2018-08-06 01:45:41"
0,62,0,62,"2018-08-06 02:00:39"
0,26,0,26,"2018-08-06 02:15:38"
0,18,0,18,"2018-08-06 02:30:37"
0,17,0,17,"2018-08-06 02:45:37"
0,14,0,14,"2018-08-06 03:00:38"
0,14,0,14,"2018-08-06 03:15:37"
0,13,0,13,"2018-08-06 03:30:38"
0,13,0,13,"2018-08-06 03:45:37"
0,12,0,12,"2018-08-06 04:00:40"
0,12,0,12,"2018-08-06 04:15:37"
0,12,0,12,"2018-08-06 04:34:34"
0,12,0,12,"2018-08-06 04:45:37"
0,14,0,14,"2018-08-06 05:00:39"
0,41,0,41,"2018-08-06 05:15:39"
0,51,0,51,"2018-08-06 05:30:40"
0,55,0,55,"2018-08-06 05:45:39"
0,47,0,47,"2018-08-06 06:00:44"
0,59,1,58,"2018-08-06 06:15:40"
0,115,1,114,"2018-08-06 06:30:38"
0,180,3,177,"2018-08-06 06:45:39"
0,120,0,120,"2018-08-06 07:00:41"
0,198,0,198,"2018-08-06 07:15:39"
0,316,5,311,"2018-08-06 07:30:39"
0,540,8,532,"2018-08-06 07:45:39"
0,501,8,493,"2018-08-06 08:00:40"
0,512,9,503,"2018-08-06 08:15:39"
0,559,13,546,"2018-08-06 08:30:39"
0,670,13,657,"2018-08-06 08:45:39"
0,552,13,539,"2018-08-06 09:00:39"
0,420,6,414,"2018-08-06 09:15:39"
0,360,11,349,"2018-08-06 09:30:38"
0,348,4,344,"2018-08-06 09:45:39"
0,284,7,277,"2018-08-06 10:00:39"
0,218,4,214,"2018-08-06 10:15:38"
0,241,4,237,"2018-08-06 10:30:39"
0,293,9,284,"2018-08-06 10:45:38"
0,241,7,234,"2018-08-06 11:00:39"
0,265,8,257,"2018-08-06 11:15:39"
0,260,10,250,"2018-08-06 11:30:38"
0,284,10,274,"2018-08-06 11:45:38"
0,244,6,238,"2018-08-06 12:00:43"
0,260,5,255,"2018-08-06 12:15:38"
0,268,8,260,"2018-08-06 12:30:38"
0,291,6,285,"2018-08-06 12:45:39"
0,284,8,276,"2018-08-06 13:00:39"
0,320,10,310,"2018-08-06 13:15:38"
0,310,9,301,"2018-08-06 13:30:38"
0,338,5,333,"2018-08-06 13:45:39"
0,291,6,285,"2018-08-06 14:00:38"
0,377,9,368,"2018-08-06 14:15:38"
0,355,11,344,"2018-08-06 14:30:38"
0,387,10,377,"2018-08-06 14:45:38"
0,302,9,293,"2018-08-06 15:00:38"
0,554,16,538,"2018-08-06 15:15:38"
0,397,15,382,"2018-08-06 15:30:38"
0,369,12,357,"2018-08-06 15:45:38"
0,357,10,347,"2018-08-06 16:00:39"
0,435,9,426,"2018-08-06 16:15:38"
0,392,8,384,"2018-08-06 16:30:38"
0,401,9,392,"2018-08-06 16:45:38"
0,393,13,380,"2018-08-06 17:00:38"
0,504,14,490,"2018-08-06 17:15:38"
0,521,6,515,"2018-08-06 17:30:38"
0,545,11,534,"2018-08-06 17:45:38"
0,554,10,544,"2018-08-06 18:00:41"
0,754,10,744,"2018-08-06 18:15:38"
0,699,9,690,"2018-08-06 18:30:37"
0,692,12,680,"2018-08-06 18:45:37"
0,631,5,626,"2018-08-06 19:00:41"
0,604,6,598,"2018-08-06 19:15:37"
0,579,10,569,"2018-08-06 19:30:38"
0,609,9,600,"2018-08-06 19:45:38"
0,496,9,487,"2018-08-06 20:00:41"
0,569,9,560,"2018-08-06 20:15:37"
0,552,8,544,"2018-08-06 20:30:38"
0,505,7,498,"2018-08-06 20:45:38"
0,462,5,457,"2018-08-06 21:00:42"
0,457,8,449,"2018-08-06 21:15:37"
0,417,2,415,"2018-08-06 21:30:37"
0,423,3,420,"2018-08-06 21:45:37"
0,338,3,335,"2018-08-06 22:00:39"
0,383,7,376,"2018-08-06 22:15:39"
0,327,3,324,"2018-08-06 22:30:37"
0,289,4,285,"2018-08-06 22:45:37"
0,234,6,228,"2018-08-06 23:00:39"
0,225,4,221,"2018-08-06 23:15:38"
0,222,5,217,"2018-08-06 23:30:38"
0,211,3,208,"2018-08-06 23:45:37"
0,181,3,178,"2018-08-07 00:00:38"
0,238,5,233,"2018-08-07 00:15:37"
0,187,7,180,"2018-08-07 00:30:38"
0,186,6,180,"2018-08-07 00:45:38"
0,177,3,174,"2018-08-07 01:00:37"
0,148,4,144,"2018-08-07 01:15:37"
0,142,5,137,"2018-08-07 01:30:38"
0,123,4,119,"2018-08-07 01:45:37"
0,108,3,105,"2018-08-07 02:00:37"
0,50,2,48,"2018-08-07 02:15:37"
0,34,2,32,"2018-08-07 02:30:37"
0,29,2,27,"2018-08-07 02:45:36"
0,28,2,26,"2018-08-07 03:00:40"
0,25,2,23,"2018-08-07 03:15:37"
0,25,2,23,"2018-08-07 03:30:37"
0,24,2,22,"2018-08-07 03:45:36"
0,21,2,19,"2018-08-07 04:00:40"
0,21,2,19,"2018-08-07 04:15:37"
0,21,2,19,"2018-08-07 04:34:31"
0,21,2,19,"2018-08-07 04:45:36"
0,24,2,22,"2018-08-07 05:00:37"
0,44,2,42,"2018-08-07 05:15:39"
0,52,2,50,"2018-08-07 05:30:39"
0,68,2,66,"2018-08-07 05:45:39"
0,55,2,53,"2018-08-07 06:00:40"
0,74,2,72,"2018-08-07 06:15:38"
0,120,3,117,"2018-08-07 06:30:38"
0,177,5,172,"2018-08-07 06:45:39"
0,140,2,138,"2018-08-07 07:00:42"
0,212,3,209,"2018-08-07 07:15:38"
0,337,6,331,"2018-08-07 07:30:39"
0,639,6,633,"2018-08-07 07:45:39"
0,587,8,579,"2018-08-07 08:00:40"
0,555,10,545,"2018-08-07 08:15:38"
0,610,12,598,"2018-08-07 08:30:38"
0,720,18,702,"2018-08-07 08:45:38"
0,558,14,544,"2018-08-07 09:00:42"
0,481,9,472,"2018-08-07 09:15:38"
0,383,9,374,"2018-08-07 09:30:38"
0,406,7,399,"2018-08-07 09:45:38"
0,334,5,329,"2018-08-07 10:00:39"
0,263,2,261,"2018-08-07 10:15:38"
0,267,3,264,"2018-08-07 10:30:38"
0,290,3,287,"2018-08-07 10:45:38"
0,264,2,262,"2018-08-07 11:00:39"
0,265,4,261,"2018-08-07 11:15:38"
0,292,4,288,"2018-08-07 11:30:38"
0,313,2,311,"2018-08-07 11:45:38"
0,287,2,285,"2018-08-07 12:00:43"
0,274,4,270,"2018-08-07 12:15:38"
0,262,3,259,"2018-08-07 12:30:38"
0,276,3,273,"2018-08-07 12:45:38"
0,243,5,238,"2018-08-07 13:00:40"
0,328,10,318,"2018-08-07 13:15:38"
0,300,5,295,"2018-08-07 13:30:38"
0,320,2,318,"2018-08-07 13:45:37"
0,328,1,327,"2018-08-07 14:00:40"
0,393,7,386,"2018-08-07 14:15:38"
0,370,8,362,"2018-08-07 14:30:38"
0,367,6,361,"2018-08-07 14:45:38"
0,347,4,343,"2018-08-07 15:00:40"
0,528,8,520,"2018-08-07 15:15:38"
0,437,4,433,"2018-08-07 15:30:38"
0,430,2,428,"2018-08-07 15:45:37"
0,379,5,374,"2018-08-07 16:00:39"
0,424,5,419,"2018-08-07 16:15:37"
0,411,4,407,"2018-08-07 16:30:37"
0,428,9,419,"2018-08-07 16:45:37"
0,420,6,414,"2018-08-07 17:00:38"
0,531,5,526,"2018-08-07 17:15:37"
0,504,8,496,"2018-08-07 17:30:38"
0,586,5,581,"2018-08-07 17:45:38"
0,580,6,574,"2018-08-07 18:00:37"
0,808,17,791,"2018-08-07 18:15:37"
0,744,9,735,"2018-08-07 18:30:37"
0,689,8,681,"2018-08-07 18:45:37"
0,655,5,650,"2018-08-07 19:00:38"
0,668,7,661,"2018-08-07 19:15:37"
0,657,7,650,"2018-08-07 19:30:37"
0,680,7,673,"2018-08-07 19:45:37"
0,566,10,556,"2018-08-07 20:00:37"
0,585,10,575,"2018-08-07 20:15:37"
0,582,6,576,"2018-08-07 20:30:37"
0,527,5,522,"2018-08-07 20:45:37"
0,499,7,492,"2018-08-07 21:00:41"
0,498,5,493,"2018-08-07 21:15:37"
0,457,11,446,"2018-08-07 21:30:37"
0,403,11,392,"2018-08-07 21:45:36"
0,371,4,367,"2018-08-07 22:00:40"
0,377,1,376,"2018-08-07 22:15:37"
0,313,2,311,"2018-08-07 22:30:37"
0,289,2,287,"2018-08-07 22:45:38"
0,256,6,250,"2018-08-07 23:00:39"
0,296,9,287,"2018-08-07 23:15:37"
0,283,7,276,"2018-08-07 23:30:37"
0,257,2,255,"2018-08-07 23:45:36"
0,250,1,249,"2018-08-08 00:00:37"
0,261,1,260,"2018-08-08 00:15:36"
0,237,4,233,"2018-08-08 00:30:37"
0,197,3,194,"2018-08-08 00:45:36"
0,188,0,188,"2018-08-08 01:00:38"
0,199,2,197,"2018-08-08 01:15:36"
0,163,1,162,"2018-08-08 01:30:37"
0,146,1,145,"2018-08-08 01:45:36"
0,126,0,126,"2018-08-08 02:00:37"
0,60,0,60,"2018-08-08 02:15:37"
0,46,0,46,"2018-08-08 02:30:36"
0,44,0,44,"2018-08-08 02:45:37"
0,40,0,40,"2018-08-08 03:00:36"
0,38,0,38,"2018-08-08 03:15:36"
0,37,0,37,"2018-08-08 03:30:36"
0,36,0,36,"2018-08-08 03:45:37"
0,29,0,29,"2018-08-08 04:00:36"
0,29,0,29,"2018-08-08 04:15:37"
0,28,0,28,"2018-08-08 04:34:30"
0,28,0,28,"2018-08-08 04:45:36"
0,31,0,31,"2018-08-08 05:00:36"
0,60,0,60,"2018-08-08 05:15:37"
0,60,0,60,"2018-08-08 05:30:38"
0,72,0,72,"2018-08-08 05:45:38"
0,67,1,66,"2018-08-08 06:00:39"
0,95,2,93,"2018-08-08 06:15:38"
0,130,0,130,"2018-08-08 06:30:38"
0,201,2,199,"2018-08-08 06:45:38"
0,167,1,166,"2018-08-08 07:00:38"
0,221,2,219,"2018-08-08 07:15:39"
0,344,5,339,"2018-08-08 07:30:38"
0,611,5,606,"2018-08-08 07:45:38"
0,545,5,540,"2018-08-08 08:00:41"
0,531,9,522,"2018-08-08 08:15:38"
0,559,11,548,"2018-08-08 08:30:38"
0,681,17,664,"2018-08-08 08:45:37"
0,523,14,509,"2018-08-08 09:00:38"
0,450,3,447,"2018-08-08 09:15:37"
0,431,8,423,"2018-08-08 09:30:38"
0,393,5,388,"2018-08-08 09:45:38"
0,292,6,286,"2018-08-08 10:00:42"
0,284,3,281,"2018-08-08 10:15:37"
0,279,2,277,"2018-08-08 10:30:37"
0,277,2,275,"2018-08-08 10:45:38"
0,273,2,271,"2018-08-08 11:00:40"
0,271,5,266,"2018-08-08 11:15:38"
0,278,3,275,"2018-08-08 11:30:37"
0,354,5,349,"2018-08-08 11:45:38"
0,298,6,292,"2018-08-08 12:00:37"
0,274,4,270,"2018-08-08 12:15:38"
0,285,5,280,"2018-08-08 12:30:37"
0,284,3,281,"2018-08-08 12:45:37"
0,301,5,296,"2018-08-08 13:00:40"
0,349,7,342,"2018-08-08 13:15:37"
0,367,6,361,"2018-08-08 13:30:37"
0,355,3,352,"2018-08-08 13:45:38"
0,344,3,341,"2018-08-08 14:00:41"
0,435,6,429,"2018-08-08 14:15:37"
0,365,6,359,"2018-08-08 14:30:37"
0,417,5,412,"2018-08-08 14:45:37"
0,327,3,324,"2018-08-08 15:00:40"
0,543,6,537,"2018-08-08 15:15:37"
0,479,8,471,"2018-08-08 15:30:38"
0,424,6,418,"2018-08-08 15:45:37"
0,384,7,377,"2018-08-08 16:00:39"
0,434,10,424,"2018-08-08 16:15:38"
0,444,9,435,"2018-08-08 16:30:37"
0,454,8,446,"2018-08-08 16:45:36"
0,441,9,432,"2018-08-08 17:00:39"
0,487,9,478,"2018-08-08 17:15:37"
0,525,9,516,"2018-08-08 17:30:37"
0,554,8,546,"2018-08-08 17:45:37"
0,550,10,540,"2018-08-08 18:00:36"
0,757,15,742,"2018-08-08 18:15:37"
0,734,9,725,"2018-08-08 18:30:36"
0,704,6,698,"2018-08-08 18:45:37"
0,646,10,636,"2018-08-08 19:00:40"
0,682,13,669,"2018-08-08 19:15:37"
0,657,11,646,"2018-08-08 19:30:37"
0,678,12,666,"2018-08-08 19:45:38"
0,598,13,585,"2018-08-08 20:00:40"
0,600,12,588,"2018-08-08 20:15:37"
0,549,11,538,"2018-08-08 20:30:37"
0,544,18,526,"2018-08-08 20:45:37"
0,480,13,467,"2018-08-08 21:00:39"
0,357,12,345,"2018-08-08 21:15:37"
0,394,10,384,"2018-08-08 21:30:36"
0,334,7,327,"2018-08-08 21:45:37"
0,341,9,332,"2018-08-08 22:00:39"
0,345,8,337,"2018-08-08 22:15:37"
0,340,7,333,"2018-08-08 22:30:37"
0,287,5,282,"2018-08-08 22:45:36"
0,252,10,242,"2018-08-08 23:00:38"
0,281,11,270,"2018-08-08 23:15:36"
0,263,10,253,"2018-08-08 23:30:36"
0,286,8,278,"2018-08-08 23:45:37"
0,293,7,286,"2018-08-09 00:00:37"
0,301,6,295,"2018-08-09 00:15:36"
0,248,8,240,"2018-08-09 00:30:36"
0,225,7,218,"2018-08-09 00:45:37"
0,196,5,191,"2018-08-09 01:00:36"
0,160,7,153,"2018-08-09 01:15:37"
0,130,9,121,"2018-08-09 01:30:36"
0,102,5,97,"2018-08-09 01:45:37"
0,112,9,103,"2018-08-09 02:00:36"
0,48,9,39,"2018-08-09 02:15:36"
0,33,7,26,"2018-08-09 02:30:36"
0,23,2,21,"2018-08-09 02:45:37"
0,19,2,17,"2018-08-09 03:00:41"
0,17,0,17,"2018-08-09 03:15:37"
0,15,0,15,"2018-08-09 03:30:36"
0,14,0,14,"2018-08-09 03:45:36"
0,14,0,14,"2018-08-09 04:00:40"
0,14,0,14,"2018-08-09 04:15:36"
0,14,0,14,"2018-08-09 04:34:33"
0,14,0,14,"2018-08-09 04:45:36"
0,20,0,20,"2018-08-09 05:00:40"
0,44,0,44,"2018-08-09 05:15:38"
0,41,0,41,"2018-08-09 05:30:37"
0,64,0,64,"2018-08-09 05:45:38"
0,68,0,68,"2018-08-09 06:00:39"
0,77,3,74,"2018-08-09 06:15:38"
0,93,0,93,"2018-08-09 06:30:37"
0,165,2,163,"2018-08-09 06:45:38"
0,138,0,138,"2018-08-09 07:00:39"
0,206,2,204,"2018-08-09 07:15:38"
0,307,4,303,"2018-08-09 07:30:37"
0,548,5,543,"2018-08-09 07:45:39"
0,501,8,493,"2018-08-09 08:00:38"
0,483,8,475,"2018-08-09 08:15:38"
0,548,12,536,"2018-08-09 08:30:37"
0,658,9,649,"2018-08-09 08:45:38"
0,498,12,486,"2018-08-09 09:00:37"
0,321,8,313,"2018-08-09 09:15:37"
0,265,9,256,"2018-08-09 09:30:38"
0,321,5,316,"2018-08-09 09:45:37"
0,230,6,224,"2018-08-09 10:00:37"
0,201,4,197,"2018-08-09 10:15:37"
0,209,5,204,"2018-08-09 10:30:38"
0,207,5,202,"2018-08-09 10:45:37"
0,216,5,211,"2018-08-09 11:00:37"
0,222,4,218,"2018-08-09 11:15:37"
0,244,4,240,"2018-08-09 11:30:37"
0,283,5,278,"2018-08-09 11:45:37"
0,281,5,276,"2018-08-09 12:00:40"
0,295,4,291,"2018-08-09 12:15:36"
0,266,6,260,"2018-08-09 12:30:37"
0,272,7,265,"2018-08-09 12:45:37"
0,268,5,263,"2018-08-09 13:00:40"
0,328,7,321,"2018-08-09 13:15:36"
0,305,6,299,"2018-08-09 13:30:37"
0,334,7,327,"2018-08-09 13:45:37"
0,332,6,326,"2018-08-09 14:00:39"
0,379,5,374,"2018-08-09 14:15:37"
0,367,5,362,"2018-08-09 14:30:37"
0,419,6,413,"2018-08-09 14:45:37"
0,366,4,362,"2018-08-09 15:00:39"
0,589,11,578,"2018-08-09 15:15:37"
0,463,9,454,"2018-08-09 15:30:36"
0,446,7,439,"2018-08-09 15:45:36"
0,379,2,377,"2018-08-09 16:00:38"
0,436,1,435,"2018-08-09 16:15:37"
0,478,3,475,"2018-08-09 16:30:37"
0,403,3,400,"2018-08-09 16:45:37"
0,233,3,230,"2018-08-09 17:00:38"
0,273,2,271,"2018-08-09 17:15:37"
0,269,0,269,"2018-08-09 17:30:36"
0,367,3,364,"2018-08-09 17:45:37"
0,391,4,387,"2018-08-09 18:00:36"
0,615,12,603,"2018-08-09 18:15:37"
0,568,8,560,"2018-08-09 18:30:36"
0,513,4,509,"2018-08-09 18:45:36"
0,536,4,532,"2018-08-09 19:00:36"
0,579,12,567,"2018-08-09 19:15:37"
0,518,12,506,"2018-08-09 19:30:36"
0,555,8,547,"2018-08-09 19:45:37"
0,499,5,494,"2018-08-09 20:00:36"
0,551,8,543,"2018-08-09 20:15:36"
0,490,7,483,"2018-08-09 20:30:36"
0,483,7,476,"2018-08-09 20:45:36"
0,402,7,395,"2018-08-09 21:00:41"
0,429,5,424,"2018-08-09 21:15:36"
0,396,5,391,"2018-08-09 21:30:37"
0,335,7,328,"2018-08-09 21:45:36"
0,310,6,304,"2018-08-09 22:00:41"
0,291,4,287,"2018-08-09 22:15:36"
0,252,1,251,"2018-08-09 22:30:36"
0,254,3,251,"2018-08-09 22:45:36"
0,211,1,210,"2018-08-09 23:00:39"
0,264,5,259,"2018-08-09 23:15:36"
0,266,2,264,"2018-08-09 23:30:36"
0,250,2,248,"2018-08-09 23:45:36"
0,233,2,231,"2018-08-10 00:00:36"
0,239,3,236,"2018-08-10 00:15:36"
0,208,5,203,"2018-08-10 00:30:36"
0,185,7,178,"2018-08-10 00:45:35"
0,178,2,176,"2018-08-10 01:00:36"
0,158,4,154,"2018-08-10 01:15:36"
0,149,4,145,"2018-08-10 01:30:37"
0,114,4,110,"2018-08-10 01:45:58"
0,99,3,96,"2018-08-10 02:00:35"
0,68,1,67,"2018-08-10 02:15:36"
0,59,2,57,"2018-08-10 02:45:36"
0,66,0,66,"2018-08-10 03:00:36"
0,29,0,29,"2018-08-10 03:15:35"
0,24,0,24,"2018-08-10 03:30:36"
0,23,0,23,"2018-08-10 03:45:35"
0,22,0,22,"2018-08-10 04:00:39"
0,22,0,22,"2018-08-10 04:15:36"
0,20,0,20,"2018-08-10 04:34:28"
0,20,0,20,"2018-08-10 04:45:35"
0,25,1,24,"2018-08-10 05:00:35"
0,53,0,53,"2018-08-10 05:15:37"
0,48,0,48,"2018-08-10 05:30:37"
0,58,0,58,"2018-08-10 05:45:37"
0,57,0,57,"2018-08-10 06:00:41"
0,94,1,93,"2018-08-10 06:15:37"
0,111,2,109,"2018-08-10 06:30:37"
0,152,2,150,"2018-08-10 06:45:37"
0,150,0,150,"2018-08-10 07:00:37"
0,191,1,190,"2018-08-10 07:15:37"
0,295,1,294,"2018-08-10 07:30:38"
0,543,4,539,"2018-08-10 07:45:37"
0,502,4,498,"2018-08-10 08:00:37"
0,468,7,461,"2018-08-10 08:15:37"
0,519,11,508,"2018-08-10 08:30:37"
0,610,12,598,"2018-08-10 08:45:37"
0,485,6,479,"2018-08-10 09:00:37"
0,415,5,410,"2018-08-10 09:15:37"
0,350,4,346,"2018-08-10 09:30:36"
0,349,5,344,"2018-08-10 09:45:37"
0,256,1,255,"2018-08-10 10:00:38"
0,254,2,252,"2018-08-10 10:15:37"
0,269,1,268,"2018-08-10 10:30:36"
0,261,1,260,"2018-08-10 10:45:37"
0,251,1,250,"2018-08-10 11:00:37"
0,291,3,288,"2018-08-10 11:15:36"
0,256,2,254,"2018-08-10 11:30:37"
0,307,4,303,"2018-08-10 11:45:36"
0,309,3,306,"2018-08-10 12:00:37"
0,300,2,298,"2018-08-10 12:15:36"
0,315,2,313,"2018-08-10 12:30:37"
0,326,3,323,"2018-08-10 12:45:36"
0,319,6,313,"2018-08-10 13:00:37"
0,396,2,394,"2018-08-10 13:15:37"
0,355,2,353,"2018-08-10 13:30:37"
0,396,1,395,"2018-08-10 13:45:37"
0,358,4,354,"2018-08-10 14:00:36"
0,499,3,496,"2018-08-10 14:15:37"
0,467,6,461,"2018-08-10 14:30:36"
0,478,5,473,"2018-08-10 14:45:36"
0,418,4,414,"2018-08-10 15:00:36"
0,678,5,673,"2018-08-10 15:15:36"
0,559,3,556,"2018-08-10 15:30:36"
0,501,5,496,"2018-08-10 15:45:37"
0,451,1,450,"2018-08-10 16:00:36"
0,580,2,578,"2018-08-10 16:15:37"
0,553,3,550,"2018-08-10 16:30:36"
0,525,6,519,"2018-08-10 16:45:36"
0,501,3,498,"2018-08-10 17:00:36"
0,539,5,534,"2018-08-10 17:15:36"
0,496,5,491,"2018-08-10 17:30:36"
0,512,5,507,"2018-08-10 17:45:36"
0,493,7,486,"2018-08-10 18:00:37"
0,560,8,552,"2018-08-10 18:15:36"
0,573,8,565,"2018-08-10 18:30:36"
0,558,5,553,"2018-08-10 18:45:36"
0,500,11,489,"2018-08-10 19:00:35"
0,510,11,499,"2018-08-10 19:15:36"
0,530,9,521,"2018-08-10 19:30:36"
0,556,6,550,"2018-08-10 19:45:36"
0,514,9,505,"2018-08-10 20:00:36"
0,595,8,587,"2018-08-10 20:15:36"
0,519,3,516,"2018-08-10 20:30:35"
0,485,3,482,"2018-08-10 20:45:36"
0,459,2,457,"2018-08-10 21:00:36"
0,442,3,439,"2018-08-10 21:15:36"
0,420,2,418,"2018-08-10 21:30:36"
0,381,3,378,"2018-08-10 21:45:35"
0,332,5,327,"2018-08-10 22:00:36"
0,352,6,346,"2018-08-10 22:15:35"
0,344,5,339,"2018-08-10 22:30:36"
0,278,3,275,"2018-08-10 22:45:35"
0,283,5,278,"2018-08-10 23:00:36"
0,277,6,271,"2018-08-10 23:15:35"
0,256,5,251,"2018-08-10 23:30:36"
0,262,6,256,"2018-08-10 23:45:35"
0,241,4,237,"2018-08-11 00:00:35"
0,279,2,277,"2018-08-11 00:15:35"
0,265,5,260,"2018-08-11 00:30:36"
0,265,2,263,"2018-08-11 00:45:35"
0,209,2,207,"2018-08-11 01:00:36"
0,208,4,204,"2018-08-11 01:15:35"
0,191,2,189,"2018-08-11 01:30:36"
0,158,4,154,"2018-08-11 01:45:35"
0,165,3,162,"2018-08-11 02:00:36"
0,153,7,146,"2018-08-11 02:15:35"
0,119,2,117,"2018-08-11 02:30:36"
0,145,1,144,"2018-08-11 02:45:35"
0,124,2,122,"2018-08-11 03:00:39"
0,146,3,143,"2018-08-11 03:15:35"
0,143,2,141,"2018-08-11 03:30:35"
0,127,2,125,"2018-08-11 03:45:35"
0,140,2,138,"2018-08-11 04:00:37"
0,112,1,111,"2018-08-11 04:15:35"
0,88,2,86,"2018-08-11 04:34:32"
0,72,1,71,"2018-08-11 04:45:35"
0,63,1,62,"2018-08-11 05:00:35"
0,55,1,54,"2018-08-11 05:15:37"
0,67,3,64,"2018-08-11 05:30:36"
0,80,2,78,"2018-08-11 05:45:37"
0,76,1,75,"2018-08-11 06:00:37"
0,83,1,82,"2018-08-11 06:15:37"
0,115,2,113,"2018-08-11 06:30:36"
0,118,2,116,"2018-08-11 06:45:37"
0,95,1,94,"2018-08-11 07:00:36"
0,90,1,89,"2018-08-11 07:15:37"
0,96,1,95,"2018-08-11 07:30:36"
0,122,2,120,"2018-08-11 07:45:37"
0,84,1,83,"2018-08-11 08:00:36"
0,101,1,100,"2018-08-11 08:15:37"
0,129,3,126,"2018-08-11 08:30:36"
0,191,2,189,"2018-08-11 08:45:37"
0,135,2,133,"2018-08-11 09:00:39"
0,171,4,167,"2018-08-11 09:15:37"
0,179,3,176,"2018-08-11 09:30:36"
0,235,2,233,"2018-08-11 09:45:37"
0,180,5,175,"2018-08-11 10:00:38"
0,195,1,194,"2018-08-11 10:15:37"
0,210,1,209,"2018-08-11 10:30:36"
0,309,5,304,"2018-08-11 10:45:37"
0,254,6,248,"2018-08-11 11:00:38"
0,263,4,259,"2018-08-11 11:15:36"
0,288,3,285,"2018-08-11 11:30:36"
0,292,9,283,"2018-08-11 11:45:37"
0,270,4,266,"2018-08-11 12:00:36"
0,286,3,283,"2018-08-11 12:15:37"
0,306,3,303,"2018-08-11 12:30:36"
0,293,1,292,"2018-08-11 12:45:36"
0,291,2,289,"2018-08-11 13:00:36"
0,327,2,325,"2018-08-11 13:15:36"
0,313,1,312,"2018-08-11 13:30:36"
0,346,2,344,"2018-08-11 13:45:36"
0,333,4,329,"2018-08-11 14:00:36"
0,328,4,324,"2018-08-11 14:15:37"
0,322,2,320,"2018-08-11 14:30:35"
0,298,7,291,"2018-08-11 14:45:36"
0,297,2,295,"2018-08-11 15:00:36"
0,321,4,317,"2018-08-11 15:15:36"
0,301,1,300,"2018-08-11 15:30:35"
0,315,0,315,"2018-08-11 15:45:36"
0,298,0,298,"2018-08-11 16:00:36"
0,361,0,361,"2018-08-11 16:15:37"
0,374,7,367,"2018-08-11 16:30:35"
0,338,6,332,"2018-08-11 16:45:36"
0,309,4,305,"2018-08-11 17:00:36"
0,327,6,321,"2018-08-11 17:15:36"
0,361,7,354,"2018-08-11 17:30:35"
0,345,4,341,"2018-08-11 17:45:35"
0,347,3,344,"2018-08-11 18:00:38"
0,356,7,349,"2018-08-11 18:15:36"
0,391,6,385,"2018-08-11 18:30:35"
0,376,5,371,"2018-08-11 18:45:36"
0,380,2,378,"2018-08-11 19:00:37"
0,397,0,397,"2018-08-11 19:15:36"
0,426,2,424,"2018-08-11 19:30:35"
0,404,3,401,"2018-08-11 19:45:36"
0,395,1,394,"2018-08-11 20:00:35"
0,470,4,466,"2018-08-11 20:15:35"
0,425,2,423,"2018-08-11 20:30:35"
0,403,3,400,"2018-08-11 20:45:35"
0,389,4,385,"2018-08-11 21:00:37"
0,391,0,391,"2018-08-11 21:15:35"
0,313,0,313,"2018-08-11 21:30:36"
0,341,2,339,"2018-08-11 21:45:35"
0,338,4,334,"2018-08-11 22:00:37"
0,341,4,337,"2018-08-11 22:15:35"
0,297,2,295,"2018-08-11 22:30:36"
0,250,2,248,"2018-08-11 22:45:35"
0,233,3,230,"2018-08-11 23:00:35"
0,265,4,261,"2018-08-11 23:15:35"
0,263,3,260,"2018-08-11 23:30:35"
0,239,2,237,"2018-08-11 23:45:35"
0,248,0,248,"2018-08-12 00:00:35"
0,269,0,269,"2018-08-12 00:15:35"
0,263,2,261,"2018-08-12 00:30:35"
0,245,3,242,"2018-08-12 00:45:35"
0,213,3,210,"2018-08-12 01:00:36"
0,172,1,171,"2018-08-12 01:15:37"
0,156,1,155,"2018-08-12 01:30:35"
0,149,1,148,"2018-08-12 01:45:35"
0,135,3,132,"2018-08-12 02:00:36"
0,126,0,126,"2018-08-12 02:15:34"
0,118,1,117,"2018-08-12 02:30:35"
0,102,2,100,"2018-08-12 02:45:35"
0,111,2,109,"2018-08-12 03:00:35"
0,129,2,127,"2018-08-12 03:15:34"
0,112,0,112,"2018-08-12 03:30:35"
0,116,0,116,"2018-08-12 03:45:35"
0,91,0,91,"2018-08-12 04:00:36"
0,94,0,94,"2018-08-12 04:15:35"
0,89,1,88,"2018-08-12 04:34:31"
0,77,0,77,"2018-08-12 04:45:35"
0,60,1,59,"2018-08-12 05:00:34"
0,77,0,77,"2018-08-12 05:15:37"
0,75,2,73,"2018-08-12 05:30:36"
0,79,2,77,"2018-08-12 05:45:36"
0,55,0,55,"2018-08-12 06:00:36"
0,70,1,69,"2018-08-12 06:15:37"
0,93,0,93,"2018-08-12 06:30:36"
0,101,0,101,"2018-08-12 06:45:36"
0,75,1,74,"2018-08-12 07:00:36"
0,81,1,80,"2018-08-12 07:15:36"
0,100,1,99,"2018-08-12 07:30:36"
0,95,1,94,"2018-08-12 07:45:36"
0,92,1,91,"2018-08-12 08:00:40"
0,88,0,88,"2018-08-12 08:15:36"
0,115,1,114,"2018-08-12 08:30:36"
0,146,1,145,"2018-08-12 08:45:36"
0,95,0,95,"2018-08-12 09:00:39"
0,100,0,100,"2018-08-12 09:15:36"
0,149,4,145,"2018-08-12 09:30:36"
0,180,2,178,"2018-08-12 09:45:36"
0,137,2,135,"2018-08-12 10:00:37"
0,154,1,153,"2018-08-12 10:15:35"
0,167,0,167,"2018-08-12 10:30:36"
0,170,1,169,"2018-08-12 10:45:36"
0,167,1,166,"2018-08-12 11:00:36"
0,193,0,193,"2018-08-12 11:15:36"
0,233,1,232,"2018-08-12 11:30:36"
0,250,4,246,"2018-08-12 11:45:36"
0,232,1,231,"2018-08-12 12:00:35"
0,229,0,229,"2018-08-12 12:15:36"
0,243,0,243,"2018-08-12 12:30:35"
0,248,0,248,"2018-08-12 12:45:36"
0,269,0,269,"2018-08-12 13:00:35"
0,225,2,223,"2018-08-12 13:15:36"
0,231,1,230,"2018-08-12 13:30:35"
0,261,3,258,"2018-08-12 13:45:35"
0,261,2,259,"2018-08-12 14:00:35"
0,290,2,288,"2018-08-12 14:15:35"
0,255,4,251,"2018-08-12 14:30:36"
0,240,1,239,"2018-08-12 14:45:35"
0,231,2,229,"2018-08-12 15:00:36"
0,236,2,234,"2018-08-12 15:15:35"
0,284,0,284,"2018-08-12 15:30:36"
0,259,2,257,"2018-08-12 15:45:35"
0,245,2,243,"2018-08-12 16:00:38"
0,319,1,318,"2018-08-12 16:15:35"
0,306,0,306,"2018-08-12 16:30:35"
0,304,3,301,"2018-08-12 16:45:35"
0,330,3,327,"2018-08-12 17:00:37"
0,309,2,307,"2018-08-12 17:15:36"
0,336,1,335,"2018-08-12 17:30:35"
0,301,3,298,"2018-08-12 17:45:35"
0,300,4,296,"2018-08-12 18:00:39"
0,332,3,329,"2018-08-12 18:15:35"
0,311,7,304,"2018-08-12 18:30:35"
0,361,7,354,"2018-08-12 18:45:35"
0,324,7,317,"2018-08-12 19:00:37"
0,398,3,395,"2018-08-12 19:15:35"
0,464,1,463,"2018-08-12 19:30:36"
0,411,1,410,"2018-08-12 19:45:35"
0,395,2,393,"2018-08-12 20:00:35"
0,357,5,352,"2018-08-12 20:15:35"
0,336,10,326,"2018-08-12 20:30:35"
0,340,11,329,"2018-08-12 20:45:35"
0,291,6,285,"2018-08-12 21:00:35"
0,300,4,296,"2018-08-12 21:15:35"
0,290,3,287,"2018-08-12 21:30:35"
0,297,5,292,"2018-08-12 21:45:34"
0,294,2,292,"2018-08-12 22:00:35"
0,251,2,249,"2018-08-12 22:15:34"
0,232,1,231,"2018-08-12 22:30:35"
0,203,3,200,"2018-08-12 22:45:34"
0,182,3,179,"2018-08-12 23:00:35"
0,213,5,208,"2018-08-12 23:15:34"
0,208,3,205,"2018-08-12 23:30:34"
0,177,2,175,"2018-08-12 23:45:35"
0,179,1,178,"2018-08-13 00:00:38"
0,239,1,238,"2018-08-13 00:15:34"
0,219,2,217,"2018-08-13 00:30:35"
0,156,1,155,"2018-08-13 00:45:34"
0,144,2,142,"2018-08-13 01:00:37"
0,124,2,122,"2018-08-13 01:15:34"
0,101,5,96,"2018-08-13 01:30:35"
0,99,0,99,"2018-08-13 01:45:34"
0,86,0,86,"2018-08-13 02:00:37"
0,33,0,33,"2018-08-13 02:15:34"
0,18,0,18,"2018-08-13 02:30:35"
0,17,0,17,"2018-08-13 02:45:34"
0,16,0,16,"2018-08-13 03:00:36"
0,15,0,15,"2018-08-13 03:15:34"
0,15,0,15,"2018-08-13 03:30:34"
0,15,0,15,"2018-08-13 03:45:34"
0,15,0,15,"2018-08-13 04:00:34"
0,15,0,15,"2018-08-13 04:15:34"
0,15,0,15,"2018-08-13 04:34:32"
0,15,0,15,"2018-08-13 04:45:35"
0,16,0,16,"2018-08-13 05:00:34"
0,39,0,39,"2018-08-13 05:15:36"
0,38,0,38,"2018-08-13 05:30:36"
0,54,0,54,"2018-08-13 05:45:36"
0,48,1,47,"2018-08-13 06:00:36"
0,68,0,68,"2018-08-13 06:15:36"
0,98,1,97,"2018-08-13 06:30:36"
0,162,1,161,"2018-08-13 06:45:36"
0,125,0,125,"2018-08-13 07:00:38"
0,172,1,171,"2018-08-13 07:15:35"
0,297,1,296,"2018-08-13 07:30:36"
0,481,4,477,"2018-08-13 07:45:35"
0,376,3,373,"2018-08-13 08:00:37"
0,413,6,407,"2018-08-13 08:15:35"
0,502,5,497,"2018-08-13 08:30:36"
0,566,10,556,"2018-08-13 08:45:35"
0,452,12,440,"2018-08-13 09:00:36"
0,327,4,323,"2018-08-13 09:15:35"
0,303,3,300,"2018-08-13 09:30:36"
0,298,1,297,"2018-08-13 09:45:35"
0,248,6,242,"2018-08-13 10:00:35"
0,234,5,229,"2018-08-13 10:15:35"
0,215,1,214,"2018-08-13 10:30:36"
0,264,0,264,"2018-08-13 10:45:35"
0,226,0,226,"2018-08-13 11:00:36"
0,241,0,241,"2018-08-13 11:15:35"
0,250,2,248,"2018-08-13 11:30:36"
0,260,4,256,"2018-08-13 11:45:35"
0,269,2,267,"2018-08-13 12:00:35"
0,278,2,276,"2018-08-13 12:15:35"
0,287,2,285,"2018-08-13 12:30:35"
0,294,3,291,"2018-08-13 12:45:35"
0,295,7,288,"2018-08-13 13:00:35"
0,346,11,335,"2018-08-13 13:15:35"
0,317,2,315,"2018-08-13 13:30:35"
0,347,2,345,"2018-08-13 13:45:35"
0,327,1,326,"2018-08-13 14:00:38"
0,396,1,395,"2018-08-13 14:15:35"
0,333,4,329,"2018-08-13 14:30:35"
0,355,5,350,"2018-08-13 14:45:35"
0,314,2,312,"2018-08-13 15:00:38"
0,494,7,487,"2018-08-13 15:15:35"
0,429,5,424,"2018-08-13 15:30:34"
0,434,6,428,"2018-08-13 15:45:35"
0,348,5,343,"2018-08-13 16:00:37"
0,410,12,398,"2018-08-13 16:15:35"
0,406,5,401,"2018-08-13 16:30:35"
0,386,4,382,"2018-08-13 16:45:35"
0,382,3,379,"2018-08-13 17:00:35"
0,533,5,528,"2018-08-13 17:15:35"
0,473,3,470,"2018-08-13 17:30:35"
0,538,6,532,"2018-08-13 17:45:35"
0,551,8,543,"2018-08-13 18:00:34"
0,706,10,696,"2018-08-13 18:15:35"
0,676,3,673,"2018-08-13 18:30:34"
0,612,4,608,"2018-08-13 18:45:35"
0,528,1,527,"2018-08-13 19:00:34"
0,599,4,595,"2018-08-13 19:15:35"
0,552,8,544,"2018-08-13 19:30:34"
0,539,8,531,"2018-08-13 19:45:35"
0,499,4,495,"2018-08-13 20:00:34"
0,536,3,533,"2018-08-13 20:15:35"
0,457,2,455,"2018-08-13 20:30:34"
0,430,1,429,"2018-08-13 20:45:35"
0,397,2,395,"2018-08-13 21:00:34"
0,408,6,402,"2018-08-13 21:15:35"
0,387,1,386,"2018-08-13 21:30:34"
0,355,0,355,"2018-08-13 21:45:35"
0,306,1,305,"2018-08-13 22:00:35"
0,328,5,323,"2018-08-13 22:15:34"
0,291,1,290,"2018-08-13 22:30:34"
0,210,3,207,"2018-08-13 22:45:34"
0,186,4,182,"2018-08-13 23:00:38"
0,211,1,210,"2018-08-13 23:15:34"
0,204,5,199,"2018-08-13 23:30:34"
0,177,2,175,"2018-08-13 23:45:35"
0,170,3,167,"2018-08-14 00:00:34"
0,196,0,196,"2018-08-14 00:15:34"
0,159,3,156,"2018-08-14 00:30:35"
0,143,1,142,"2018-08-14 00:45:34"
0,170,1,169,"2018-08-14 01:00:35"
0,129,2,127,"2018-08-14 01:15:34"
0,114,0,114,"2018-08-14 01:30:34"
0,95,1,94,"2018-08-14 01:45:34"
0,116,0,116,"2018-08-14 02:00:34"
0,38,0,38,"2018-08-14 02:15:34"
0,15,0,15,"2018-08-14 02:30:34"
0,14,0,14,"2018-08-14 02:45:34"
0,12,0,12,"2018-08-14 03:00:33"
0,10,0,10,"2018-08-14 03:15:34"
0,9,0,9,"2018-08-14 03:30:34"
0,8,0,8,"2018-08-14 03:45:34"
0,8,0,8,"2018-08-14 04:00:35"
0,8,0,8,"2018-08-14 04:15:34"
0,7,0,7,"2018-08-14 04:34:28"
0,7,0,7,"2018-08-14 04:45:34"
0,10,0,10,"2018-08-14 05:00:34"
0,43,0,43,"2018-08-14 05:15:35"
0,27,0,27,"2018-08-14 05:30:36"
0,32,0,32,"2018-08-14 05:45:35"
0,47,0,47,"2018-08-14 06:00:39"
0,65,0,65,"2018-08-14 06:15:35"
0,94,1,93,"2018-08-14 06:30:35"
0,144,1,143,"2018-08-14 06:45:36"
0,123,1,122,"2018-08-14 07:00:36"
0,158,0,158,"2018-08-14 07:15:36"
0,265,1,264,"2018-08-14 07:30:35"
0,472,9,463,"2018-08-14 07:45:35"
0,416,6,410,"2018-08-14 08:00:35"
0,367,5,362,"2018-08-14 08:15:36"
0,445,5,440,"2018-08-14 08:30:35"
0,609,12,597,"2018-08-14 08:45:35"
0,425,13,412,"2018-08-14 09:00:35"
0,384,7,377,"2018-08-14 09:15:35"
0,391,6,385,"2018-08-14 09:30:35"
0,329,5,324,"2018-08-14 09:45:34"
0,253,4,249,"2018-08-14 10:00:38"
0,269,7,262,"2018-08-14 10:15:35"
0,275,8,267,"2018-08-14 10:30:35"
0,299,4,295,"2018-08-14 10:45:35"
0,251,3,248,"2018-08-14 11:00:38"
0,270,3,267,"2018-08-14 11:15:35"
0,282,5,277,"2018-08-14 11:30:35"
0,300,0,300,"2018-08-14 11:45:35"
0,301,1,300,"2018-08-14 12:00:35"
0,295,1,294,"2018-08-14 12:15:35"
0,276,1,275,"2018-08-14 12:30:34"
0,320,2,318,"2018-08-14 12:45:35"
0,297,0,297,"2018-08-14 13:00:34"
0,296,2,294,"2018-08-14 13:15:35"
0,342,1,341,"2018-08-14 13:30:34"
0,361,1,360,"2018-08-14 13:45:35"
0,330,2,328,"2018-08-14 14:00:34"
0,387,0,387,"2018-08-14 14:15:35"
0,363,8,355,"2018-08-14 14:30:34"
0,375,6,369,"2018-08-14 14:45:35"
0,358,3,355,"2018-08-14 15:00:34"
0,505,13,492,"2018-08-14 15:15:34"
0,449,8,441,"2018-08-14 15:30:34"
0,414,3,411,"2018-08-14 15:45:34"
0,361,3,358,"2018-08-14 16:00:34"
0,433,8,425,"2018-08-14 16:15:34"
0,457,2,455,"2018-08-14 16:30:34"
0,415,2,413,"2018-08-14 16:45:34"
0,402,4,398,"2018-08-14 17:00:35"
0,505,7,498,"2018-08-14 17:15:34"
0,477,5,472,"2018-08-14 17:30:34"
0,563,4,559,"2018-08-14 17:45:34"
0,543,3,540,"2018-08-14 18:00:37"
0,689,7,682,"2018-08-14 18:15:34"
0,608,6,602,"2018-08-14 18:30:34"
0,671,7,664,"2018-08-14 18:45:34"
0,561,6,555,"2018-08-14 19:00:35"
0,626,4,622,"2018-08-14 19:15:34"
0,595,8,587,"2018-08-14 19:30:34"
0,531,3,528,"2018-08-14 19:45:34"
0,499,5,494,"2018-08-14 20:00:37"
0,543,5,538,"2018-08-14 20:15:35"
0,499,3,496,"2018-08-14 20:30:34"
0,463,4,459,"2018-08-14 20:45:34"
0,484,4,480,"2018-08-14 21:00:37"
0,497,5,492,"2018-08-14 21:15:34"
0,406,1,405,"2018-08-14 21:30:34"
0,353,0,353,"2018-08-14 21:45:34"
0,315,1,314,"2018-08-14 22:00:34"
0,328,3,325,"2018-08-14 22:15:34"
0,297,3,294,"2018-08-14 22:30:34"
0,243,2,241,"2018-08-14 22:45:34"
0,212,5,207,"2018-08-14 23:00:34"
0,272,6,266,"2018-08-14 23:15:34"
0,242,4,238,"2018-08-14 23:30:33"
0,227,2,225,"2018-08-14 23:45:34"
0,231,0,231,"2018-08-15 00:00:34"
0,266,2,264,"2018-08-15 00:15:34"
0,242,2,240,"2018-08-15 00:30:34"
0,213,2,211,"2018-08-15 00:45:33"
0,218,5,213,"2018-08-15 01:00:34"
0,192,3,189,"2018-08-15 01:15:33"
0,198,1,197,"2018-08-15 01:30:34"
0,143,2,141,"2018-08-15 01:45:34"
0,131,1,130,"2018-08-15 02:00:33"
0,118,4,114,"2018-08-15 02:15:34"
0,102,2,100,"2018-08-15 02:30:33"
0,91,1,90,"2018-08-15 02:45:34"
0,99,1,98,"2018-08-15 03:00:33"
0,91,1,90,"2018-08-15 03:15:33"
0,75,0,75,"2018-08-15 03:30:33"
0,70,0,70,"2018-08-15 03:45:33"
0,67,0,67,"2018-08-15 04:00:33"
0,67,0,67,"2018-08-15 04:15:33"
0,61,0,61,"2018-08-15 04:34:36"
0,46,0,46,"2018-08-15 04:45:33"
0,47,0,47,"2018-08-15 05:00:35"
0,59,0,59,"2018-08-15 05:15:35"
0,63,0,63,"2018-08-15 05:30:35"
0,58,0,58,"2018-08-15 05:45:35"
0,68,1,67,"2018-08-15 06:00:35"
0,77,1,76,"2018-08-15 06:15:35"
0,102,0,102,"2018-08-15 06:30:35"
0,123,1,122,"2018-08-15 06:45:35"
0,89,0,89,"2018-08-15 07:00:35"
0,108,0,108,"2018-08-15 07:15:35"
0,134,0,134,"2018-08-15 07:30:35"
0,165,1,164,"2018-08-15 07:45:34"
0,130,1,129,"2018-08-15 08:00:36"
0,142,1,141,"2018-08-15 08:15:34"
0,189,1,188,"2018-08-15 08:30:35"
0,248,1,247,"2018-08-15 08:45:34"
0,186,0,186,"2018-08-15 09:00:34"
0,170,0,170,"2018-08-15 09:15:35"
0,205,3,202,"2018-08-15 09:30:34"
0,235,1,234,"2018-08-15 09:45:35"
0,213,1,212,"2018-08-15 10:00:34"
0,215,1,214,"2018-08-15 10:15:34"
0,236,0,236,"2018-08-15 10:30:34"
0,221,1,220,"2018-08-15 10:45:34"
0,219,2,217,"2018-08-15 11:00:35"
0,233,2,231,"2018-08-15 11:15:34"
0,285,3,282,"2018-08-15 11:30:35"
0,310,3,307,"2018-08-15 11:45:34"
0,261,3,258,"2018-08-15 12:00:34"
0,284,2,282,"2018-08-15 12:15:35"
0,300,2,298,"2018-08-15 12:30:34"
0,312,0,312,"2018-08-15 12:45:34"
0,269,0,269,"2018-08-15 13:00:35"
0,312,1,311,"2018-08-15 13:15:34"
0,340,1,339,"2018-08-15 13:30:34"
0,332,0,332,"2018-08-15 13:45:34"
0,309,1,308,"2018-08-15 14:00:37"
0,335,3,332,"2018-08-15 14:15:34"
0,317,4,313,"2018-08-15 14:30:35"
0,312,3,309,"2018-08-15 14:45:34"
0,283,4,279,"2018-08-15 15:00:36"
0,300,5,295,"2018-08-15 15:15:34"
0,320,4,316,"2018-08-15 15:30:34"
0,291,4,287,"2018-08-15 15:45:34"
0,300,3,297,"2018-08-15 16:00:34"
0,363,4,359,"2018-08-15 16:15:34"
0,358,4,354,"2018-08-15 16:30:34"
0,358,2,356,"2018-08-15 16:45:34"
0,300,3,297,"2018-08-15 17:00:33"
0,355,6,349,"2018-08-15 17:15:34"
0,379,6,373,"2018-08-15 17:30:33"
0,395,5,390,"2018-08-15 17:45:34"
0,387,4,383,"2018-08-15 18:00:33"
0,422,4,418,"2018-08-15 18:15:34"
0,421,6,415,"2018-08-15 18:30:33"
0,381,7,374,"2018-08-15 18:45:34"
0,392,7,385,"2018-08-15 19:00:33"
0,408,4,404,"2018-08-15 19:15:34"
0,399,1,398,"2018-08-15 19:30:33"
0,470,2,468,"2018-08-15 19:45:34"
0,397,3,394,"2018-08-15 20:00:34"
0,440,5,435,"2018-08-15 20:15:34"
0,445,4,441,"2018-08-15 20:30:33"
0,469,2,467,"2018-08-15 20:45:34"
0,421,1,420,"2018-08-15 21:00:33"
0,391,3,388,"2018-08-15 21:15:34"
0,368,4,364,"2018-08-15 21:30:33"
0,354,1,353,"2018-08-15 21:45:34"
0,325,1,324,"2018-08-15 22:00:33"
0,298,4,294,"2018-08-15 22:15:34"
0,242,6,236,"2018-08-15 22:30:33"
0,245,6,239,"2018-08-15 22:45:33"
0,242,6,236,"2018-08-15 23:00:33"
0,275,6,269,"2018-08-15 23:15:33"
0,248,5,243,"2018-08-15 23:30:34"
0,251,4,247,"2018-08-15 23:45:33"
0,237,1,236,"2018-08-16 00:00:33"
0,246,3,243,"2018-08-16 00:15:34"
0,261,11,250,"2018-08-16 00:30:33"
0,254,8,246,"2018-08-16 00:45:33"
0,186,4,182,"2018-08-16 01:00:33"
0,168,4,164,"2018-08-16 01:15:32"
0,189,4,185,"2018-08-16 01:30:33"
0,147,5,142,"2018-08-16 01:45:33"
0,129,5,124,"2018-08-16 02:00:33"
0,47,1,46,"2018-08-16 02:15:32"
0,27,0,27,"2018-08-16 02:30:33"
0,25,0,25,"2018-08-16 02:45:33"
0,23,0,23,"2018-08-16 03:00:33"
0,23,0,23,"2018-08-16 03:15:33"
0,23,0,23,"2018-08-16 03:30:33"
0,23,0,23,"2018-08-16 03:45:32"
0,22,0,22,"2018-08-16 04:00:34"
0,22,0,22,"2018-08-16 04:15:32"
0,22,0,22,"2018-08-16 04:34:29"
0,22,0,22,"2018-08-16 04:45:33"
0,27,0,27,"2018-08-16 05:00:32"
0,57,0,57,"2018-08-16 05:15:35"
0,66,0,66,"2018-08-16 05:30:34"
0,66,0,66,"2018-08-16 05:45:34"
0,55,0,55,"2018-08-16 06:00:35"
0,78,0,78,"2018-08-16 06:15:34"
0,114,2,112,"2018-08-16 06:30:34"
0,192,2,190,"2018-08-16 06:45:35"
0,155,0,155,"2018-08-16 07:00:34"
0,200,1,199,"2018-08-16 07:15:35"
0,304,5,299,"2018-08-16 07:30:34"
0,461,4,457,"2018-08-16 07:45:34"
0,432,3,429,"2018-08-16 08:00:34"
0,404,3,401,"2018-08-16 08:15:34"
0,484,7,477,"2018-08-16 08:30:34"
0,583,13,570,"2018-08-16 08:45:34"
0,444,10,434,"2018-08-16 09:00:34"
0,394,7,387,"2018-08-16 09:15:34"
0,364,2,362,"2018-08-16 09:30:34"
0,338,3,335,"2018-08-16 09:45:34"
0,276,1,275,"2018-08-16 10:00:34"
0,252,3,249,"2018-08-16 10:15:34"
0,261,4,257,"2018-08-16 10:30:35"
0,271,5,266,"2018-08-16 10:45:34"
0,260,3,257,"2018-08-16 11:00:34"
0,267,3,264,"2018-08-16 11:15:34"
0,272,3,269,"2018-08-16 11:30:34"
0,296,3,293,"2018-08-16 11:45:34"
0,269,1,268,"2018-08-16 12:00:34"
0,275,1,274,"2018-08-16 12:15:34"
0,250,2,248,"2018-08-16 12:30:33"
0,312,5,307,"2018-08-16 12:45:34"
0,326,0,326,"2018-08-16 13:00:33"
0,363,3,360,"2018-08-16 13:15:34"
0,308,5,303,"2018-08-16 13:30:33"
0,347,6,341,"2018-08-16 13:45:34"
0,314,4,310,"2018-08-16 14:00:33"
0,328,4,324,"2018-08-16 14:15:34"
0,355,5,350,"2018-08-16 14:30:33"
0,361,7,354,"2018-08-16 14:45:34"
0,374,6,368,"2018-08-16 15:00:34"
0,476,6,470,"2018-08-16 15:15:33"
0,425,6,419,"2018-08-16 15:30:34"
0,395,5,390,"2018-08-16 15:45:34"
0,358,8,350,"2018-08-16 16:00:34"
0,448,8,440,"2018-08-16 16:15:33"
0,424,6,418,"2018-08-16 16:30:34"
0,400,7,393,"2018-08-16 16:45:34"
0,411,8,403,"2018-08-16 17:00:34"
0,526,9,517,"2018-08-16 17:15:33"
0,494,8,486,"2018-08-16 17:30:34"
0,521,4,517,"2018-08-16 17:45:33"
0,517,11,506,"2018-08-16 18:00:33"
0,695,11,684,"2018-08-16 18:15:34"
0,647,12,635,"2018-08-16 18:30:33"
0,672,10,662,"2018-08-16 18:45:34"
0,563,8,555,"2018-08-16 19:00:33"
0,642,7,635,"2018-08-16 19:15:33"
0,629,7,622,"2018-08-16 19:30:33"
0,640,6,634,"2018-08-16 19:45:33"
0,544,5,539,"2018-08-16 20:00:33"
0,592,6,586,"2018-08-16 20:15:33"
0,544,8,536,"2018-08-16 20:30:33"
0,498,6,492,"2018-08-16 20:45:33"
0,466,7,459,"2018-08-16 21:00:33"
0,507,6,501,"2018-08-16 21:15:33"
0,409,6,403,"2018-08-16 21:30:33"
0,406,6,400,"2018-08-16 21:45:33"
0,338,6,332,"2018-08-16 22:00:33"
0,381,9,372,"2018-08-16 22:15:33"
0,334,6,328,"2018-08-16 22:30:33"
0,315,5,310,"2018-08-16 22:45:33"
0,289,5,284,"2018-08-16 23:00:33"
0,330,7,323,"2018-08-16 23:15:33"
0,316,6,310,"2018-08-16 23:30:33"
0,306,6,300,"2018-08-16 23:45:32"
0,300,8,292,"2018-08-17 00:00:34"
0,290,11,279,"2018-08-17 00:15:33"
0,295,13,282,"2018-08-17 00:30:33"
0,257,6,251,"2018-08-17 00:45:33"
0,192,6,186,"2018-08-17 01:00:32"
0,204,11,193,"2018-08-17 01:15:36"
0,186,11,175,"2018-08-17 01:30:33"
0,157,6,151,"2018-08-17 01:45:32"
0,172,9,163,"2018-08-17 02:00:33"
0,128,8,120,"2018-08-17 02:15:32"
0,119,6,113,"2018-08-17 02:30:33"
0,105,7,98,"2018-08-17 02:45:35"
0,89,7,82,"2018-08-17 03:00:33"
0,61,7,54,"2018-08-17 03:15:32"
0,56,7,49,"2018-08-17 03:30:32"
0,52,7,45,"2018-08-17 03:45:32"
0,52,7,45,"2018-08-17 04:00:32"
0,50,7,43,"2018-08-17 04:15:33"
0,50,7,43,"2018-08-17 04:34:39"
0,49,6,43,"2018-08-17 04:45:33"
0,50,6,44,"2018-08-17 05:00:32"
0,83,7,76,"2018-08-17 05:15:34"
0,81,7,74,"2018-08-17 05:30:34"
0,101,7,94,"2018-08-17 05:45:35"
0,81,7,74,"2018-08-17 06:00:34"
0,94,7,87,"2018-08-17 06:15:33"
0,133,7,126,"2018-08-17 06:30:34"
0,187,6,181,"2018-08-17 06:45:34"
0,158,6,152,"2018-08-17 07:00:35"
0,231,6,225,"2018-08-17 07:15:34"
0,306,10,296,"2018-08-17 07:30:33"
0,486,12,474,"2018-08-17 07:45:34"
0,421,14,407,"2018-08-17 08:00:34"
0,405,10,395,"2018-08-17 08:15:34"
0,476,14,462,"2018-08-17 08:30:34"
0,562,20,542,"2018-08-17 08:45:34"
0,450,10,440,"2018-08-17 09:00:33"
0,392,11,381,"2018-08-17 09:15:34"
0,368,10,358,"2018-08-17 09:30:34"
0,390,11,379,"2018-08-17 09:45:34"
0,332,11,321,"2018-08-17 10:00:34"
0,288,8,280,"2018-08-17 10:15:33"
0,289,8,281,"2018-08-17 10:30:34"
0,325,10,315,"2018-08-17 10:45:33"
0,263,10,253,"2018-08-17 11:00:34"
0,300,8,292,"2018-08-17 11:15:33"
0,247,4,243,"2018-08-17 11:30:34"
0,275,6,269,"2018-08-17 11:45:34"
0,273,5,268,"2018-08-17 12:00:34"
0,288,7,281,"2018-08-17 12:15:33"
0,319,8,311,"2018-08-17 12:30:33"
0,334,4,330,"2018-08-17 12:45:33"
0,308,7,301,"2018-08-17 13:00:33"
0,345,8,337,"2018-08-17 13:15:33"
0,358,7,351,"2018-08-17 13:30:34"
0,389,4,385,"2018-08-17 13:45:33"
0,337,5,332,"2018-08-17 14:00:33"
0,148,4,144,"2018-08-17 14:15:33"
0,101,4,97,"2018-08-17 14:30:33"
0,76,4,72,"2018-08-17 14:45:33"
0,61,4,57,"2018-08-17 15:00:33"
0,73,4,69,"2018-08-17 15:15:33"
0,92,4,88,"2018-08-17 15:30:33"
0,103,4,99,"2018-08-17 15:45:33"
0,67,4,63,"2018-08-17 16:00:34"
0,86,4,82,"2018-08-17 16:15:33"
0,104,5,99,"2018-08-17 16:30:34"
0,178,8,170,"2018-08-17 16:45:33"
0,219,6,213,"2018-08-17 17:00:33"
0,334,3,331,"2018-08-17 17:15:33"
0,337,3,334,"2018-08-17 17:30:33"
0,327,2,325,"2018-08-17 17:45:33"
0,343,4,339,"2018-08-17 18:00:34"
0,445,6,439,"2018-08-17 18:15:33"
0,427,4,423,"2018-08-17 18:30:33"
0,422,3,419,"2018-08-17 18:45:32"
0,361,6,355,"2018-08-17 19:00:33"
0,413,4,409,"2018-08-17 19:15:32"
0,400,5,395,"2018-08-17 19:30:33"
0,445,1,444,"2018-08-17 19:45:33"
0,353,2,351,"2018-08-17 20:00:33"
0,344,2,342,"2018-08-17 20:15:33"
0,262,3,259,"2018-08-17 20:30:33"
0,275,2,273,"2018-08-17 20:45:33"
0,302,2,300,"2018-08-17 21:00:33"
0,324,2,322,"2018-08-17 21:15:33"
0,296,3,293,"2018-08-17 21:30:32"
0,259,4,255,"2018-08-17 21:45:33"
0,286,4,282,"2018-08-17 22:00:33"
0,316,0,316,"2018-08-17 22:15:33"
0,246,0,246,"2018-08-17 22:30:32"
0,232,1,231,"2018-08-17 22:45:32"
0,229,1,228,"2018-08-17 23:00:32"
0,215,2,213,"2018-08-17 23:15:33"
0,235,1,234,"2018-08-17 23:30:33"
0,251,2,249,"2018-08-17 23:45:32"
0,235,2,233,"2018-08-18 00:00:33"
0,219,2,217,"2018-08-18 00:15:32"
0,229,5,224,"2018-08-18 00:30:32"
0,205,3,202,"2018-08-18 00:45:32"
0,199,1,198,"2018-08-18 01:00:32"
0,167,1,166,"2018-08-18 01:15:33"
0,203,2,201,"2018-08-18 01:30:32"
0,159,0,159,"2018-08-18 01:45:33"
0,113,2,111,"2018-08-18 02:00:32"
0,116,0,116,"2018-08-18 02:15:33"
0,129,3,126,"2018-08-18 02:30:32"
0,128,0,128,"2018-08-18 02:45:32"
0,113,0,113,"2018-08-18 03:00:32"
0,133,2,131,"2018-08-18 03:15:32"
0,139,1,138,"2018-08-18 03:30:32"
0,122,1,121,"2018-08-18 03:45:32"
0,108,0,108,"2018-08-18 04:00:32"
0,131,0,131,"2018-08-18 04:15:32"
0,124,0,124,"2018-08-18 04:34:43"
0,107,0,107,"2018-08-18 04:45:32"
0,103,0,103,"2018-08-18 05:00:33"
0,91,1,90,"2018-08-18 05:15:33"
0,84,1,83,"2018-08-18 05:30:34"
0,103,1,102,"2018-08-18 05:45:34"
0,85,0,85,"2018-08-18 06:00:34"
0,104,0,104,"2018-08-18 06:15:33"
0,114,1,113,"2018-08-18 06:30:33"
0,115,0,115,"2018-08-18 06:45:34"
0,91,0,91,"2018-08-18 07:00:33"
0,103,0,103,"2018-08-18 07:15:34"
0,115,0,115,"2018-08-18 07:30:33"
0,147,0,147,"2018-08-18 07:45:34"
0,107,0,107,"2018-08-18 08:00:33"
0,122,1,121,"2018-08-18 08:15:33"
0,141,2,139,"2018-08-18 08:30:33"
0,162,2,160,"2018-08-18 08:45:33"
0,148,0,148,"2018-08-18 09:00:34"
0,178,1,177,"2018-08-18 09:15:33"
0,200,1,199,"2018-08-18 09:30:35"
0,257,1,256,"2018-08-18 09:45:33"
0,222,0,222,"2018-08-18 10:00:35"
0,209,1,208,"2018-08-18 10:15:33"
0,249,1,248,"2018-08-18 10:30:33"
0,280,1,279,"2018-08-18 10:45:33"
0,252,1,251,"2018-08-18 11:00:32"
0,256,0,256,"2018-08-18 11:15:33"
0,287,1,286,"2018-08-18 11:30:33"
0,337,3,334,"2018-08-18 11:45:33"
0,295,5,290,"2018-08-18 12:00:33"
0,310,4,306,"2018-08-18 12:15:33"
0,340,4,336,"2018-08-18 12:30:32"
0,323,3,320,"2018-08-18 12:45:33"
0,326,2,324,"2018-08-18 13:00:33"
0,356,1,355,"2018-08-18 13:15:33"
0,327,1,326,"2018-08-18 13:30:32"
0,362,2,360,"2018-08-18 13:45:33"
0,357,2,355,"2018-08-18 14:00:32"
0,347,2,345,"2018-08-18 14:15:33"
0,347,2,345,"2018-08-18 14:30:32"
0,333,3,330,"2018-08-18 14:45:33"
0,327,0,327,"2018-08-18 15:00:33"
0,314,0,314,"2018-08-18 15:15:32"
0,342,0,342,"2018-08-18 15:30:32"
0,338,0,338,"2018-08-18 15:45:33"
0,312,3,309,"2018-08-18 16:00:33"
0,388,4,384,"2018-08-18 16:15:32"
0,391,8,383,"2018-08-18 16:30:32"
0,369,4,365,"2018-08-18 16:45:32"
0,361,4,357,"2018-08-18 17:00:32"
0,404,6,398,"2018-08-18 17:15:32"
0,376,2,374,"2018-08-18 17:30:32"
0,423,4,419,"2018-08-18 17:45:33"
0,365,7,358,"2018-08-18 18:00:32"
0,380,6,374,"2018-08-18 18:15:33"
0,404,7,397,"2018-08-18 18:30:32"
0,404,7,397,"2018-08-18 18:45:33"
0,411,7,404,"2018-08-18 19:00:33"
0,421,6,415,"2018-08-18 19:15:32"
0,413,6,407,"2018-08-18 19:30:32"
0,407,6,401,"2018-08-18 19:45:32"
0,380,6,374,"2018-08-18 20:00:32"
0,427,6,421,"2018-08-18 20:15:32"
0,408,10,398,"2018-08-18 20:30:31"
0,387,6,381,"2018-08-18 20:45:32"
0,379,3,376,"2018-08-18 21:00:31"
0,448,8,440,"2018-08-18 21:15:32"
0,353,5,348,"2018-08-18 21:30:31"
0,326,3,323,"2018-08-18 21:45:32"
0,328,4,324,"2018-08-18 22:00:33"
0,346,9,337,"2018-08-18 22:15:32"
0,276,6,270,"2018-08-18 22:30:32"
0,224,3,221,"2018-08-18 22:45:32"
0,220,3,217,"2018-08-18 23:00:32"
0,242,4,238,"2018-08-18 23:15:32"
0,181,6,175,"2018-08-18 23:30:32"
0,215,5,210,"2018-08-18 23:45:31"
0,218,5,213,"2018-08-19 00:00:33"
0,263,3,260,"2018-08-19 00:15:32"
0,326,5,321,"2018-08-19 00:30:32"
0,288,2,286,"2018-08-19 00:45:32"
0,237,2,235,"2018-08-19 01:00:32"
0,243,3,240,"2018-08-19 01:15:31"
0,243,4,239,"2018-08-19 01:30:32"
0,145,2,143,"2018-08-19 01:45:32"
0,148,3,145,"2018-08-19 02:00:32"
0,155,3,152,"2018-08-19 02:15:31"
0,151,4,147,"2018-08-19 02:30:32"
0,115,3,112,"2018-08-19 02:45:31"
0,115,2,113,"2018-08-19 03:00:32"
0,113,3,110,"2018-08-19 03:15:31"
0,109,3,106,"2018-08-19 03:30:32"
0,86,4,82,"2018-08-19 03:45:31"
0,78,2,76,"2018-08-19 04:00:31"
0,76,2,74,"2018-08-19 04:15:31"
0,89,5,84,"2018-08-19 04:34:23"
0,71,3,68,"2018-08-19 04:45:31"
0,71,4,67,"2018-08-19 05:00:32"
0,69,4,65,"2018-08-19 05:15:33"
0,80,3,77,"2018-08-19 05:30:33"
0,69,3,66,"2018-08-19 05:45:33"
0,76,2,74,"2018-08-19 06:00:33"
0,86,3,83,"2018-08-19 06:15:33"
0,95,2,93,"2018-08-19 06:30:36"
0,97,3,94,"2018-08-19 06:45:33"
0,61,1,60,"2018-08-19 07:00:34"
0,84,1,83,"2018-08-19 07:15:33"
0,89,1,88,"2018-08-19 07:30:33"
0,119,1,118,"2018-08-19 07:45:32"
0,80,2,78,"2018-08-19 08:00:34"
0,104,2,102,"2018-08-19 08:15:32"
0,107,4,103,"2018-08-19 08:30:33"
0,130,2,128,"2018-08-19 08:45:32"
0,112,2,110,"2018-08-19 09:00:34"
0,131,2,129,"2018-08-19 09:15:32"
0,165,2,163,"2018-08-19 09:30:33"
0,199,1,198,"2018-08-19 09:45:32"
0,165,2,163,"2018-08-19 10:00:33"
0,179,1,178,"2018-08-19 10:15:33"
0,179,1,178,"2018-08-19 10:30:33"
0,194,2,192,"2018-08-19 10:45:33"
0,200,1,199,"2018-08-19 11:00:33"
0,216,3,213,"2018-08-19 11:15:32"
0,210,3,207,"2018-08-19 11:30:33"
0,275,2,273,"2018-08-19 11:45:32"
0,255,2,253,"2018-08-19 12:00:33"
0,244,5,239,"2018-08-19 12:15:32"
0,258,5,253,"2018-08-19 12:30:33"
0,266,3,263,"2018-08-19 12:45:32"
0,256,2,254,"2018-08-19 13:00:33"
0,262,2,260,"2018-08-19 13:15:32"
0,261,2,259,"2018-08-19 13:30:32"
0,292,4,288,"2018-08-19 13:45:33"
0,301,6,295,"2018-08-19 14:00:32"
0,296,5,291,"2018-08-19 14:15:33"
0,307,4,303,"2018-08-19 14:30:32"
0,289,3,286,"2018-08-19 14:45:32"
0,267,2,265,"2018-08-19 15:00:32"
0,308,2,306,"2018-08-19 15:15:32"
0,291,2,289,"2018-08-19 15:30:32"
0,299,3,296,"2018-08-19 15:45:33"
0,284,1,283,"2018-08-19 16:00:32"
0,328,2,326,"2018-08-19 16:15:32"
0,310,1,309,"2018-08-19 16:30:32"
0,345,5,340,"2018-08-19 16:45:32"
0,337,5,332,"2018-08-19 17:00:32"
0,343,5,338,"2018-08-19 17:15:33"
0,334,4,330,"2018-08-19 17:30:32"
0,332,10,322,"2018-08-19 17:45:32"
0,320,5,315,"2018-08-19 18:00:32"
0,353,8,345,"2018-08-19 18:15:32"
0,355,10,345,"2018-08-19 18:30:32"
0,380,9,371,"2018-08-19 18:45:32"
0,349,2,347,"2018-08-19 19:00:31"
0,404,4,400,"2018-08-19 19:15:32"
0,411,4,407,"2018-08-19 19:30:31"
0,431,5,426,"2018-08-19 19:45:32"
0,399,3,396,"2018-08-19 20:00:33"
0,410,5,405,"2018-08-19 20:15:31"
0,418,6,412,"2018-08-19 20:30:32"
0,382,6,376,"2018-08-19 20:45:32"
0,342,5,337,"2018-08-19 21:00:32"
0,356,5,351,"2018-08-19 21:15:31"
0,334,3,331,"2018-08-19 21:30:32"
0,302,7,295,"2018-08-19 21:45:31"
0,269,4,265,"2018-08-19 22:00:33"
0,284,0,284,"2018-08-19 22:15:31"
0,271,0,271,"2018-08-19 22:30:32"
0,229,3,226,"2018-08-19 22:45:32"
0,210,0,210,"2018-08-19 23:00:32"
0,257,3,254,"2018-08-19 23:15:31"
0,218,3,215,"2018-08-19 23:30:31"
0,170,2,168,"2018-08-19 23:45:32"
0,203,0,203,"2018-08-20 00:00:31"
0,211,1,210,"2018-08-20 00:15:32"
0,180,2,178,"2018-08-20 00:30:32"
0,168,2,166,"2018-08-20 00:45:31"
0,149,3,146,"2018-08-20 01:00:32"
0,135,1,134,"2018-08-20 01:15:31"
0,124,1,123,"2018-08-20 01:30:32"
0,92,0,92,"2018-08-20 01:45:31"
0,106,3,103,"2018-08-20 02:00:32"
0,46,1,45,"2018-08-20 02:15:31"
0,29,0,29,"2018-08-20 02:30:32"
0,26,0,26,"2018-08-20 02:45:31"
0,21,0,21,"2018-08-20 03:00:31"
0,21,0,21,"2018-08-20 03:15:31"
0,21,0,21,"2018-08-20 03:30:31"
0,20,0,20,"2018-08-20 03:45:31"
0,18,0,18,"2018-08-20 04:00:31"
0,16,0,16,"2018-08-20 04:15:31"
0,16,0,16,"2018-08-20 04:34:31"
0,15,0,15,"2018-08-20 04:45:31"
0,21,0,21,"2018-08-20 05:00:32"
0,41,0,41,"2018-08-20 05:15:32"
0,52,0,52,"2018-08-20 05:30:33"
0,56,0,56,"2018-08-20 05:45:32"
0,43,0,43,"2018-08-20 06:00:33"
0,57,0,57,"2018-08-20 06:15:32"
0,116,1,115,"2018-08-20 06:30:33"
0,156,1,155,"2018-08-20 06:45:32"
0,122,1,121,"2018-08-20 07:00:34"
0,188,1,187,"2018-08-20 07:15:32"
0,304,5,299,"2018-08-20 07:30:33"
0,529,11,518,"2018-08-20 07:45:32"
0,424,4,420,"2018-08-20 08:00:32"
0,416,7,409,"2018-08-20 08:15:32"
0,476,7,469,"2018-08-20 08:30:32"
0,609,15,594,"2018-08-20 08:45:33"
0,527,9,518,"2018-08-20 09:00:37"
0,416,4,412,"2018-08-20 09:15:33"
0,358,5,353,"2018-08-20 09:30:32"
0,364,6,358,"2018-08-20 09:45:32"
0,284,4,280,"2018-08-20 10:00:32"
0,253,2,251,"2018-08-20 10:15:32"
0,273,1,272,"2018-08-20 10:30:32"
0,264,2,262,"2018-08-20 10:45:32"
0,242,3,239,"2018-08-20 11:00:32"
0,244,3,241,"2018-08-20 11:15:32"
0,275,4,271,"2018-08-20 11:30:32"
0,280,2,278,"2018-08-20 11:45:32"
0,298,2,296,"2018-08-20 12:00:32"
0,298,4,294,"2018-08-20 12:15:32"
0,274,2,272,"2018-08-20 12:30:33"
0,293,1,292,"2018-08-20 12:45:32"
0,314,0,314,"2018-08-20 13:00:32"
0,313,4,309,"2018-08-20 13:15:32"
0,315,3,312,"2018-08-20 13:30:32"
0,384,0,384,"2018-08-20 13:45:32"
0,388,2,386,"2018-08-20 14:00:32"
0,410,4,406,"2018-08-20 14:15:58"
0,387,7,380,"2018-08-20 14:30:57"
0,409,5,404,"2018-08-20 14:45:57"
0,356,4,352,"2018-08-20 15:00:57"
0,552,5,547,"2018-08-20 15:15:56"
0,416,7,409,"2018-08-20 15:45:57"
0,394,5,389,"2018-08-20 16:00:56"
0,463,6,457,"2018-08-20 16:15:56"
0,420,7,413,"2018-08-20 16:30:55"
0,458,7,451,"2018-08-20 16:45:55"
0,404,6,398,"2018-08-20 17:00:55"
0,512,5,507,"2018-08-20 17:15:56"
0,513,7,506,"2018-08-20 17:30:55"
0,572,1,571,"2018-08-20 17:45:56"
0,543,5,538,"2018-08-20 18:00:56"
0,744,10,734,"2018-08-20 18:15:56"
0,675,9,666,"2018-08-20 18:30:56"
0,692,7,685,"2018-08-20 18:45:55"
0,601,4,597,"2018-08-20 19:00:55"
0,628,6,622,"2018-08-20 19:15:56"
0,653,8,645,"2018-08-20 19:30:55"
0,624,8,616,"2018-08-20 19:45:56"
0,558,2,556,"2018-08-20 20:00:55"
0,599,1,598,"2018-08-20 20:15:56"
0,553,2,551,"2018-08-20 20:30:55"
0,460,1,459,"2018-08-20 20:45:55"
0,442,4,438,"2018-08-20 21:00:56"
0,482,4,478,"2018-08-20 21:15:55"
0,417,5,412,"2018-08-20 21:30:55"
0,378,1,377,"2018-08-20 21:45:55"
0,324,1,323,"2018-08-20 22:00:55"
0,329,0,329,"2018-08-20 22:15:55"
0,306,1,305,"2018-08-20 22:30:55"
0,273,3,270,"2018-08-20 22:45:56"
0,248,5,243,"2018-08-20 23:00:55"
0,259,5,254,"2018-08-20 23:15:55"
0,240,7,233,"2018-08-20 23:30:55"
0,250,3,247,"2018-08-20 23:45:55"
0,218,2,216,"2018-08-21 00:00:56"
0,251,2,249,"2018-08-21 00:15:56"
0,222,3,219,"2018-08-21 00:30:55"
0,199,1,198,"2018-08-21 00:45:56"
0,165,3,162,"2018-08-21 01:00:55"
0,161,2,159,"2018-08-21 01:15:55"
0,145,1,144,"2018-08-21 01:30:54"
0,125,3,122,"2018-08-21 01:45:55"
0,111,3,108,"2018-08-21 02:00:54"
0,42,1,41,"2018-08-21 02:15:55"
0,22,0,22,"2018-08-21 02:30:55"
0,20,0,20,"2018-08-21 02:45:55"
0,19,0,19,"2018-08-21 03:00:54"
0,19,0,19,"2018-08-21 03:15:55"
0,19,0,19,"2018-08-21 03:30:54"
0,18,0,18,"2018-08-21 03:45:56"
0,18,0,18,"2018-08-21 04:00:54"
0,18,0,18,"2018-08-21 04:15:56"
0,17,0,17,"2018-08-21 04:34:30"
0,16,0,16,"2018-08-21 04:45:55"
0,27,0,27,"2018-08-21 05:00:55"
0,43,1,42,"2018-08-21 05:15:56"
0,45,0,45,"2018-08-21 05:30:56"
0,65,0,65,"2018-08-21 05:45:56"
0,52,0,52,"2018-08-21 06:00:56"
0,71,0,71,"2018-08-21 06:15:56"
0,118,0,118,"2018-08-21 06:30:56"
0,179,1,178,"2018-08-21 06:45:56"
0,138,0,138,"2018-08-21 07:00:56"
0,195,3,192,"2018-08-21 07:15:56"
0,315,6,309,"2018-08-21 07:30:56"
0,552,6,546,"2018-08-21 07:45:56"
0,477,6,471,"2018-08-21 08:00:57"
0,489,12,477,"2018-08-21 08:15:55"
0,530,7,523,"2018-08-21 08:30:56"
0,711,13,698,"2018-08-21 08:45:56"
0,573,8,565,"2018-08-21 09:00:57"
0,435,5,430,"2018-08-21 09:15:56"
0,411,3,408,"2018-08-21 09:30:56"
0,404,2,402,"2018-08-21 09:45:56"
0,321,5,316,"2018-08-21 10:00:56"
0,293,0,293,"2018-08-21 10:15:56"
0,277,2,275,"2018-08-21 10:30:56"
0,302,4,298,"2018-08-21 10:45:55"
0,268,1,267,"2018-08-21 11:00:57"
0,291,1,290,"2018-08-21 11:15:55"
0,308,2,306,"2018-08-21 11:30:56"
0,304,2,302,"2018-08-21 11:45:56"
0,304,0,304,"2018-08-21 12:00:55"
0,325,2,323,"2018-08-21 12:15:56"
0,318,3,315,"2018-08-21 12:30:55"
0,328,3,325,"2018-08-21 12:45:55"
0,322,2,320,"2018-08-21 13:00:56"
0,388,1,387,"2018-08-21 13:15:55"
0,359,3,356,"2018-08-21 13:30:55"
0,360,1,359,"2018-08-21 13:45:55"
0,332,2,330,"2018-08-21 14:00:55"
0,411,10,401,"2018-08-21 14:15:56"
0,392,11,381,"2018-08-21 14:30:55"
0,405,6,399,"2018-08-21 14:45:56"
0,375,0,375,"2018-08-21 15:00:55"
0,582,5,577,"2018-08-21 15:15:55"
0,473,5,468,"2018-08-21 15:30:55"
0,470,4,466,"2018-08-21 15:45:56"
0,393,3,390,"2018-08-21 16:00:55"
0,460,2,458,"2018-08-21 16:15:56"
0,443,7,436,"2018-08-21 16:30:55"
0,457,4,453,"2018-08-21 16:45:55"
0,429,2,427,"2018-08-21 17:00:55"
0,536,6,530,"2018-08-21 17:15:56"
0,518,9,509,"2018-08-21 17:30:55"
0,566,6,560,"2018-08-21 17:45:56"
0,560,6,554,"2018-08-21 18:00:55"
0,745,10,735,"2018-08-21 18:15:56"
0,717,7,710,"2018-08-21 18:30:56"
0,677,4,673,"2018-08-21 18:45:55"
0,603,2,601,"2018-08-21 19:00:56"
0,670,2,668,"2018-08-21 19:15:55"
0,644,4,640,"2018-08-21 19:30:55"
0,652,7,645,"2018-08-21 19:45:55"
0,606,4,602,"2018-08-21 20:00:55"
0,596,9,587,"2018-08-21 20:15:55"
0,518,5,513,"2018-08-21 20:30:54"
0,552,4,548,"2018-08-21 20:45:55"
0,457,3,454,"2018-08-21 21:00:56"
0,494,4,490,"2018-08-21 21:15:55"
0,435,5,430,"2018-08-21 21:30:54"
0,347,2,345,"2018-08-21 21:45:55"
0,330,1,329,"2018-08-21 22:00:54"
0,356,5,351,"2018-08-21 22:15:55"
0,301,6,295,"2018-08-21 22:30:55"
0,307,3,304,"2018-08-21 22:45:54"
0,252,1,251,"2018-08-21 23:00:55"
0,279,8,271,"2018-08-21 23:15:54"
0,253,8,245,"2018-08-21 23:30:54"
0,245,2,243,"2018-08-21 23:45:55"
0,254,3,251,"2018-08-22 00:00:55"
0,278,4,274,"2018-08-22 00:15:55"
0,222,3,219,"2018-08-22 00:30:55"
0,231,3,228,"2018-08-22 00:45:54"
0,191,4,187,"2018-08-22 01:00:56"
0,185,6,179,"2018-08-22 01:15:54"
0,169,5,164,"2018-08-22 01:30:55"
0,119,7,112,"2018-08-22 01:45:54"
0,133,4,129,"2018-08-22 02:00:54"
0,44,3,41,"2018-08-22 02:15:54"
0,17,0,17,"2018-08-22 02:30:55"
0,15,0,15,"2018-08-22 02:45:54"
0,15,0,15,"2018-08-22 03:00:54"
0,15,0,15,"2018-08-22 03:15:54"
0,13,0,13,"2018-08-22 03:30:54"
0,13,0,13,"2018-08-22 03:45:54"
0,13,0,13,"2018-08-22 04:00:54"
0,12,0,12,"2018-08-22 04:15:54"
0,11,0,11,"2018-08-22 04:34:32"
0,11,0,11,"2018-08-22 04:45:54"
0,20,0,20,"2018-08-22 05:00:54"
0,34,0,34,"2018-08-22 05:15:56"
0,46,0,46,"2018-08-22 05:30:56"
0,55,0,55,"2018-08-22 05:45:56"
0,60,0,60,"2018-08-22 06:00:56"
0,72,0,72,"2018-08-22 06:15:55"
0,94,1,93,"2018-08-22 06:30:56"
0,162,1,161,"2018-08-22 06:45:55"
0,135,0,135,"2018-08-22 07:00:56"
0,181,2,179,"2018-08-22 07:15:55"
0,276,2,274,"2018-08-22 07:30:56"
0,594,9,585,"2018-08-22 07:45:56"
0,524,3,521,"2018-08-22 08:00:56"
0,463,4,459,"2018-08-22 08:15:56"
0,549,10,539,"2018-08-22 08:30:56"
0,685,18,667,"2018-08-22 08:45:56"
0,531,14,517,"2018-08-22 09:00:56"
0,437,8,429,"2018-08-22 09:15:55"
0,376,3,373,"2018-08-22 09:30:55"
0,408,6,402,"2018-08-22 09:45:56"
0,296,6,290,"2018-08-22 10:00:55"
0,261,3,258,"2018-08-22 10:15:55"
0,256,0,256,"2018-08-22 10:30:55"
0,287,4,283,"2018-08-22 10:45:55"
0,252,1,251,"2018-08-22 11:00:55"
0,265,1,264,"2018-08-22 11:15:56"
0,292,1,291,"2018-08-22 11:30:55"
0,304,2,302,"2018-08-22 11:45:57"
0,277,4,273,"2018-08-22 12:00:55"
0,278,2,276,"2018-08-22 12:15:56"
0,276,1,275,"2018-08-22 12:30:55"
0,305,3,302,"2018-08-22 12:45:55"
0,298,1,297,"2018-08-22 13:00:56"
0,325,1,324,"2018-08-22 13:15:55"
0,311,7,304,"2018-08-22 13:30:55"
0,375,5,370,"2018-08-22 13:45:55"
0,342,5,337,"2018-08-22 14:00:56"
0,428,4,424,"2018-08-22 14:15:59"
0,375,4,371,"2018-08-22 14:30:58"
0,413,3,410,"2018-08-22 14:45:59"
0,381,5,376,"2018-08-22 15:00:58"
0,584,10,574,"2018-08-22 15:15:59"
0,460,8,452,"2018-08-22 15:30:58"
0,428,2,426,"2018-08-22 15:50:14"
0,383,3,380,"2018-08-22 16:00:59"
0,440,6,434,"2018-08-22 16:15:57"
0,439,5,434,"2018-08-22 16:30:58"
0,456,6,450,"2018-08-22 16:45:58"
0,430,3,427,"2018-08-22 17:00:57"
0,514,12,502,"2018-08-22 17:15:57"
0,509,8,501,"2018-08-22 17:30:57"
0,598,6,592,"2018-08-22 17:45:57"
0,603,13,590,"2018-08-22 18:00:58"
0,774,18,756,"2018-08-22 18:15:57"
0,769,8,761,"2018-08-22 18:30:57"
0,761,4,757,"2018-08-22 18:45:57"
0,659,5,654,"2018-08-22 19:00:56"
0,730,8,722,"2018-08-22 19:15:57"
0,654,6,648,"2018-08-22 19:30:56"
0,668,2,666,"2018-08-22 19:45:57"
0,581,4,577,"2018-08-22 20:00:58"
0,642,3,639,"2018-08-22 20:15:57"
0,587,3,584,"2018-08-22 20:30:57"
0,529,3,526,"2018-08-22 20:45:57"
0,513,2,511,"2018-08-22 21:00:57"
0,496,6,490,"2018-08-22 21:15:57"
0,452,4,448,"2018-08-22 21:30:57"
0,384,5,379,"2018-08-22 21:45:57"
0,357,2,355,"2018-08-22 22:00:57"
0,401,2,399,"2018-08-22 22:15:57"
0,328,1,327,"2018-08-22 22:30:57"
0,293,2,291,"2018-08-22 22:45:56"
0,286,2,284,"2018-08-22 23:00:57"
0,330,6,324,"2018-08-22 23:15:57"
0,274,5,269,"2018-08-22 23:30:56"
0,253,9,244,"2018-08-22 23:45:57"
0,269,3,266,"2018-08-23 00:00:58"
0,284,1,283,"2018-08-23 00:15:58"
0,274,4,270,"2018-08-23 00:30:58"
0,210,3,207,"2018-08-23 00:45:56"
0,178,3,175,"2018-08-23 01:00:57"
0,165,1,164,"2018-08-23 01:15:56"
0,154,1,153,"2018-08-23 01:30:57"
0,138,1,137,"2018-08-23 01:45:56"
0,162,2,160,"2018-08-23 02:00:58"
0,72,1,71,"2018-08-23 02:15:56"
0,46,1,45,"2018-08-23 02:30:57"
0,36,0,36,"2018-08-23 02:45:56"
0,31,0,31,"2018-08-23 03:00:57"
0,31,0,31,"2018-08-23 03:15:56"
0,30,0,30,"2018-08-23 03:30:56"
0,29,0,29,"2018-08-23 03:45:56"
0,29,0,29,"2018-08-23 04:00:57"
0,26,0,26,"2018-08-23 04:15:56"
0,26,0,26,"2018-08-23 04:34:34"
0,25,0,25,"2018-08-23 04:45:56"
0,40,0,40,"2018-08-23 05:00:57"
0,49,0,49,"2018-08-23 05:15:57"
0,64,0,64,"2018-08-23 05:30:58"
0,72,0,72,"2018-08-23 05:45:59"
0,66,0,66,"2018-08-23 06:00:58"
0,81,0,81,"2018-08-23 06:15:58"
0,116,3,113,"2018-08-23 06:30:58"
0,168,0,168,"2018-08-23 06:45:57"
0,152,1,151,"2018-08-23 07:00:58"
0,213,2,211,"2018-08-23 07:15:57"
0,335,3,332,"2018-08-23 07:30:58"
0,600,3,597,"2018-08-23 07:45:59"
0,474,5,469,"2018-08-23 08:00:57"
0,515,9,506,"2018-08-23 08:15:58"
0,598,11,587,"2018-08-23 08:30:57"
0,724,15,709,"2018-08-23 08:45:58"
0,554,7,547,"2018-08-23 09:00:57"
0,443,4,439,"2018-08-23 09:15:58"
0,411,7,404,"2018-08-23 09:30:58"
0,385,9,376,"2018-08-23 09:45:58"
0,284,3,281,"2018-08-23 10:00:58"
0,258,2,256,"2018-08-23 10:15:58"
0,240,0,240,"2018-08-23 10:30:57"
0,287,1,286,"2018-08-23 10:45:58"
0,261,2,259,"2018-08-23 11:00:57"
0,243,4,239,"2018-08-23 11:15:57"
0,258,5,253,"2018-08-23 11:30:57"
0,316,2,314,"2018-08-23 11:45:57"
0,272,0,272,"2018-08-23 12:00:57"
0,310,0,310,"2018-08-23 12:15:57"
0,303,1,302,"2018-08-23 12:30:58"
0,305,3,302,"2018-08-23 12:45:57"
0,293,3,290,"2018-08-23 13:00:58"
0,358,3,355,"2018-08-23 13:15:57"
0,333,4,329,"2018-08-23 13:30:57"
0,382,5,377,"2018-08-23 13:45:57"
0,325,2,323,"2018-08-23 14:00:57"
0,405,5,400,"2018-08-23 14:15:57"
0,373,5,368,"2018-08-23 14:30:56"
0,416,3,413,"2018-08-23 14:45:58"
0,342,2,340,"2018-08-23 15:00:57"
0,569,7,562,"2018-08-23 15:15:57"
0,394,3,391,"2018-08-24 09:16:00"
0,340,6,334,"2018-08-24 09:31:00"
0,348,7,341,"2018-08-24 09:45:59"
0,239,3,236,"2018-08-24 10:01:00"
0,261,4,257,"2018-08-24 10:16:00"
0,279,4,275,"2018-08-24 10:31:00"
0,276,2,274,"2018-08-24 10:45:59"
0,270,1,269,"2018-08-24 11:01:00"
0,245,1,244,"2018-08-24 11:16:00"
0,263,2,261,"2018-08-24 11:31:00"
0,300,3,297,"2018-08-24 11:45:59"
0,250,3,247,"2018-08-24 12:01:00"
0,282,3,279,"2018-08-24 12:15:59"
0,306,2,304,"2018-08-24 12:31:00"
0,319,2,317,"2018-08-24 12:45:59"
0,281,3,278,"2018-08-24 13:00:59"
0,316,4,312,"2018-08-24 13:15:59"
0,352,2,350,"2018-08-24 13:31:00"
0,374,6,368,"2018-08-24 13:45:59"
0,363,3,360,"2018-08-24 14:01:00"
0,503,5,498,"2018-08-24 14:16:00"
0,467,9,458,"2018-08-24 14:30:59"
0,463,9,454,"2018-08-24 14:46:00"
0,409,2,407,"2018-08-24 15:00:59"
0,673,4,669,"2018-08-24 15:16:00"
0,568,9,559,"2018-08-24 15:30:59"
0,504,4,500,"2018-08-24 15:46:00"
0,426,0,426,"2018-08-24 16:00:59"
0,517,7,510,"2018-08-24 16:15:59"
0,539,3,536,"2018-08-24 16:30:59"
0,523,3,520,"2018-08-24 16:45:59"
0,472,3,469,"2018-08-24 17:00:59"
0,505,4,501,"2018-08-24 17:15:59"
0,487,4,483,"2018-08-24 17:30:59"
0,525,5,520,"2018-08-24 17:45:59"
0,479,7,472,"2018-08-24 18:00:58"
0,522,7,515,"2018-08-24 18:15:58"
0,574,4,570,"2018-08-24 18:30:59"
0,549,4,545,"2018-08-24 18:45:59"
0,504,5,499,"2018-08-24 19:01:00"
0,552,6,546,"2018-08-24 19:15:59"
0,560,7,553,"2018-08-24 19:30:59"
0,561,7,554,"2018-08-24 19:45:59"
0,488,2,486,"2018-08-24 20:00:59"
0,494,6,488,"2018-08-24 20:15:59"
0,502,3,499,"2018-08-24 20:30:59"
0,501,5,496,"2018-08-24 20:45:58"
0,493,3,490,"2018-08-24 21:01:00"
0,461,5,456,"2018-08-24 21:15:58"
0,430,3,427,"2018-08-24 21:30:59"
0,411,3,408,"2018-08-24 21:45:59"
0,344,7,337,"2018-08-24 22:00:58"
0,356,3,353,"2018-08-24 22:15:58"
0,305,2,303,"2018-08-24 22:30:58"
0,263,4,259,"2018-08-24 22:45:59"
0,239,2,237,"2018-08-24 23:01:00"
0,293,2,291,"2018-08-24 23:15:59"
0,264,6,258,"2018-08-24 23:30:58"
0,258,5,253,"2018-08-24 23:45:59"
0,214,2,212,"2018-08-25 00:00:59"
0,264,5,259,"2018-08-25 00:15:59"
0,241,2,239,"2018-08-25 00:30:58"
0,200,2,198,"2018-08-25 00:45:58"
0,224,3,221,"2018-08-25 01:00:59"
0,140,3,137,"2018-08-25 01:16:38"
0,187,4,183,"2018-08-25 01:30:58"
0,165,3,162,"2018-08-25 01:45:58"
0,195,5,190,"2018-08-25 02:00:58"
0,174,3,171,"2018-08-25 02:15:58"
0,155,1,154,"2018-08-25 02:30:58"
0,148,1,147,"2018-08-25 02:45:58"
0,158,1,157,"2018-08-25 03:00:59"
0,131,3,128,"2018-08-25 03:15:58"
0,134,2,132,"2018-08-25 03:30:58"
0,135,2,133,"2018-08-25 03:45:58"
0,124,1,123,"2018-08-25 04:00:58"
0,103,2,101,"2018-08-25 04:15:58"
0,86,3,83,"2018-08-25 04:34:36"
0,70,2,68,"2018-08-25 04:45:59"
0,63,1,62,"2018-08-25 05:00:58"
0,66,2,64,"2018-08-25 05:16:00"
0,59,2,57,"2018-08-25 05:31:00"
0,64,2,62,"2018-08-25 05:45:59"
0,66,1,65,"2018-08-25 06:01:00"
0,80,1,79,"2018-08-25 06:15:59"
0,61,1,60,"2018-08-25 06:31:00"
0,60,1,59,"2018-08-25 06:46:00"
0,51,1,50,"2018-08-25 07:01:00"
0,64,1,63,"2018-08-25 07:15:59"
0,88,1,87,"2018-08-25 07:31:00"
0,113,1,112,"2018-08-25 07:45:59"
0,78,1,77,"2018-08-25 08:01:01"
0,89,1,88,"2018-08-25 08:15:59"
0,104,2,102,"2018-08-25 08:31:00"
0,144,2,142,"2018-08-25 08:45:59"
0,112,2,110,"2018-08-25 09:01:00"
0,131,3,128,"2018-08-25 09:16:00"
0,151,4,147,"2018-08-25 09:30:59"
0,198,4,194,"2018-08-25 09:46:00"
0,190,3,187,"2018-08-25 10:00:59"
0,176,2,174,"2018-08-25 10:15:59"
0,190,2,188,"2018-08-25 10:30:59"
0,258,2,256,"2018-08-25 10:46:00"
0,212,4,208,"2018-08-25 11:01:00"
0,226,4,222,"2018-08-25 11:16:00"
0,254,5,249,"2018-08-25 11:30:59"
0,280,4,276,"2018-08-25 11:46:00"
0,248,4,244,"2018-08-25 12:00:58"
0,290,5,285,"2018-08-25 12:15:59"
0,289,6,283,"2018-08-25 12:30:58"
0,313,2,311,"2018-08-25 12:45:59"
0,299,2,297,"2018-08-25 13:00:59"
0,323,2,321,"2018-08-25 13:15:59"
0,307,2,305,"2018-08-25 13:30:58"
0,337,1,336,"2018-08-25 13:45:59"
0,302,2,300,"2018-08-25 14:00:59"
0,332,4,328,"2018-08-25 14:15:59"
0,331,2,329,"2018-08-25 14:30:59"
0,318,5,313,"2018-08-25 14:45:59"
0,254,4,250,"2018-08-25 15:00:59"
0,275,5,270,"2018-08-25 15:15:58"
0,267,5,262,"2018-08-25 15:30:59"
0,292,3,289,"2018-08-25 15:45:58"
0,254,4,250,"2018-08-25 16:00:59"
0,322,1,321,"2018-08-25 16:15:59"
0,344,2,342,"2018-08-25 16:30:58"
0,352,2,350,"2018-08-25 16:45:59"
0,312,8,304,"2018-08-25 17:01:00"
0,355,5,350,"2018-08-25 17:15:59"
0,365,1,364,"2018-08-25 17:30:58"
0,335,1,334,"2018-08-25 17:45:59"
0,315,4,311,"2018-08-25 18:00:58"
0,338,2,336,"2018-08-25 18:15:59"
0,341,6,335,"2018-08-25 18:30:58"
0,347,3,344,"2018-08-25 18:45:58"
0,347,1,346,"2018-08-25 19:00:59"
0,374,1,373,"2018-08-25 19:15:58"
0,355,0,355,"2018-08-25 19:30:59"
0,438,1,437,"2018-08-25 19:45:58"
0,339,2,337,"2018-08-25 20:00:59"
0,355,3,352,"2018-08-25 20:15:58"
0,368,2,366,"2018-08-25 20:30:58"
0,340,1,339,"2018-08-25 20:45:58"
0,349,2,347,"2018-08-25 21:00:58"
0,377,5,372,"2018-08-25 21:15:58"
0,284,2,282,"2018-08-25 21:30:58"
0,302,2,300,"2018-08-25 21:45:58"
0,247,0,247,"2018-08-25 22:00:58"
0,262,1,261,"2018-08-25 22:15:58"
0,230,2,228,"2018-08-25 22:30:58"
0,217,0,217,"2018-08-25 22:45:58"
0,179,2,177,"2018-08-25 23:00:58"
0,189,5,184,"2018-08-25 23:15:58"
0,206,1,205,"2018-08-25 23:30:58"
0,203,2,201,"2018-08-25 23:45:58"
0,191,2,189,"2018-08-26 00:00:58"
0,234,6,228,"2018-08-26 00:15:58"
0,214,4,210,"2018-08-26 00:30:58"
0,188,1,187,"2018-08-26 00:45:57"
0,168,1,167,"2018-08-26 01:00:58"
0,169,0,169,"2018-08-26 01:15:58"
0,157,2,155,"2018-08-26 01:30:57"
0,106,1,105,"2018-08-26 01:45:58"
0,120,1,119,"2018-08-26 02:00:58"
0,104,1,103,"2018-08-26 02:15:58"
0,110,2,108,"2018-08-26 02:30:57"
0,104,1,103,"2018-08-26 02:45:58"
0,107,0,107,"2018-08-26 03:00:58"
0,120,0,120,"2018-08-26 03:15:57"
0,103,0,103,"2018-08-26 03:30:58"
0,121,4,117,"2018-08-26 03:45:57"
0,96,6,90,"2018-08-26 04:00:58"
0,83,2,81,"2018-08-26 04:15:57"
0,73,3,70,"2018-08-26 04:34:32"
0,60,1,59,"2018-08-26 04:45:58"
0,53,0,53,"2018-08-26 05:00:59"
0,63,1,62,"2018-08-26 05:15:59"
0,61,0,61,"2018-08-26 05:30:59"
0,60,0,60,"2018-08-26 05:45:59"
0,69,1,68,"2018-08-26 06:01:00"
0,50,1,49,"2018-08-26 06:15:59"
0,93,1,92,"2018-08-26 06:30:59"
0,77,0,77,"2018-08-26 06:46:00"
0,59,0,59,"2018-08-26 07:00:59"
0,63,1,62,"2018-08-26 07:15:58"
0,88,1,87,"2018-08-26 07:30:59"
0,81,0,81,"2018-08-26 07:45:59"
0,70,0,70,"2018-08-26 08:00:59"
0,66,0,66,"2018-08-26 08:15:59"
0,75,0,75,"2018-08-26 08:30:59"
0,108,0,108,"2018-08-26 08:45:59"
0,78,0,78,"2018-08-26 09:01:00"
0,83,0,83,"2018-08-26 09:15:58"
0,91,0,91,"2018-08-26 09:30:59"
0,137,0,137,"2018-08-26 09:45:59"
0,119,0,119,"2018-08-26 10:00:59"
0,119,0,119,"2018-08-26 10:15:59"
0,139,1,138,"2018-08-26 10:30:58"
0,185,0,185,"2018-08-26 10:45:59"
0,151,0,151,"2018-08-26 11:00:59"
0,170,0,170,"2018-08-26 11:15:58"
0,173,1,172,"2018-08-26 11:30:59"
0,217,1,216,"2018-08-26 11:45:58"
0,243,4,239,"2018-08-26 12:01:00"
0,207,2,205,"2018-08-26 12:15:59"
0,266,2,264,"2018-08-26 12:30:58"
0,292,3,289,"2018-08-26 12:45:59"
0,244,1,243,"2018-08-26 13:00:59"
0,265,2,263,"2018-08-26 13:15:59"
0,285,2,283,"2018-08-26 13:30:59"
0,300,3,297,"2018-08-26 13:45:58"
0,291,3,288,"2018-08-26 14:00:59"
0,310,2,308,"2018-08-26 14:15:58"
0,270,6,264,"2018-08-26 14:30:58"
0,293,5,288,"2018-08-26 14:45:58"
0,227,2,225,"2018-08-26 15:00:58"
0,277,3,274,"2018-08-26 15:15:59"
0,263,2,261,"2018-08-26 15:30:58"
0,267,4,263,"2018-08-26 15:45:59"
0,259,3,256,"2018-08-26 16:00:59"
0,269,3,266,"2018-08-26 16:15:58"
0,322,0,322,"2018-08-26 16:30:59"
0,330,2,328,"2018-08-26 16:45:58"
0,313,2,311,"2018-08-26 17:00:59"
0,357,5,352,"2018-08-26 17:15:58"
0,335,0,335,"2018-08-26 17:30:58"
0,357,1,356,"2018-08-26 17:45:59"
0,351,3,348,"2018-08-26 18:00:58"
0,348,6,342,"2018-08-26 18:15:58"
0,387,5,382,"2018-08-26 18:30:58"
0,406,2,404,"2018-08-26 18:45:58"
0,346,7,339,"2018-08-26 19:00:59"
0,398,6,392,"2018-08-26 19:15:58"
0,384,1,383,"2018-08-26 19:30:58"
0,419,3,416,"2018-08-26 19:45:57"
0,348,1,347,"2018-08-26 20:00:58"
0,386,6,380,"2018-08-26 20:15:58"
0,382,3,379,"2018-08-26 20:30:59"
0,372,3,369,"2018-08-26 20:45:58"
0,350,5,345,"2018-08-26 21:00:57"
0,344,4,340,"2018-08-26 21:15:58"
0,311,2,309,"2018-08-26 21:30:58"
0,264,0,264,"2018-08-26 21:45:57"
0,269,1,268,"2018-08-26 22:00:59"
0,243,1,242,"2018-08-26 22:15:57"
0,199,2,197,"2018-08-26 22:30:58"
0,198,3,195,"2018-08-26 22:45:58"
0,202,2,200,"2018-08-26 23:00:58"
0,237,3,234,"2018-08-26 23:15:58"
0,202,1,201,"2018-08-26 23:30:58"
0,192,1,191,"2018-08-26 23:45:57"
0,186,2,184,"2018-08-27 00:00:59"
0,202,1,201,"2018-08-27 00:15:58"
0,198,0,198,"2018-08-27 00:30:57"
0,139,2,137,"2018-08-27 00:45:58"
0,143,4,139,"2018-08-27 01:00:57"
0,131,3,128,"2018-08-27 01:15:58"
0,97,3,94,"2018-08-27 01:30:58"
0,86,1,85,"2018-08-27 01:45:58"
0,67,1,66,"2018-08-27 02:00:58"
0,32,1,31,"2018-08-27 02:15:57"
0,16,0,16,"2018-08-27 02:30:58"
0,12,0,12,"2018-08-27 02:45:57"
0,11,0,11,"2018-08-27 03:00:58"
0,11,0,11,"2018-08-27 03:15:57"
0,11,0,11,"2018-08-27 03:30:58"
0,11,0,11,"2018-08-27 03:45:57"
0,10,0,10,"2018-08-27 04:00:57"
0,10,0,10,"2018-08-27 04:15:57"
0,10,0,10,"2018-08-27 04:34:25"
0,10,0,10,"2018-08-27 04:45:57"
0,21,0,21,"2018-08-27 05:00:57"
0,34,0,34,"2018-08-27 05:15:59"
0,33,0,33,"2018-08-27 05:30:59"
0,51,0,51,"2018-08-27 05:46:00"
0,49,0,49,"2018-08-27 06:01:00"
0,63,0,63,"2018-08-27 06:15:59"
0,104,0,104,"2018-08-27 06:30:59"
0,152,2,150,"2018-08-27 06:45:58"
0,145,1,144,"2018-08-27 07:00:59"
0,213,1,212,"2018-08-27 07:15:58"
0,335,4,331,"2018-08-27 07:30:59"
0,641,8,633,"2018-08-27 07:45:58"
0,555,7,548,"2018-08-27 08:00:59"
0,529,10,519,"2018-08-27 08:15:58"
0,650,17,633,"2018-08-27 08:30:59"
0,715,18,697,"2018-08-27 08:45:58"
0,558,20,538,"2018-08-27 09:00:59"
0,433,14,419,"2018-08-27 09:15:59"
0,377,13,364,"2018-08-27 09:30:59"
0,380,13,367,"2018-08-27 09:45:58"
0,301,9,292,"2018-08-27 10:00:59"
0,260,7,253,"2018-08-27 10:15:58"
0,290,9,281,"2018-08-27 10:30:59"
0,303,9,294,"2018-08-27 10:45:58"
0,281,8,273,"2018-08-27 11:00:59"
0,284,7,277,"2018-08-27 11:15:58"
0,257,6,251,"2018-08-27 11:30:58"
0,302,6,296,"2018-08-27 11:45:58"
0,312,9,303,"2018-08-27 12:00:58"
0,296,9,287,"2018-08-27 12:15:58"
0,310,10,300,"2018-08-27 12:30:59"
0,335,7,328,"2018-08-27 12:45:58"
0,293,8,285,"2018-08-27 13:00:58"
0,357,12,345,"2018-08-27 13:15:59"
0,364,12,352,"2018-08-27 13:30:58"
0,432,10,422,"2018-08-27 13:45:58"
0,383,8,375,"2018-08-27 14:00:58"
0,467,13,454,"2018-08-27 14:15:58"
0,412,11,401,"2018-08-27 14:30:58"
0,462,17,445,"2018-08-27 14:45:58"
0,390,15,375,"2018-08-27 15:00:58"
0,613,13,600,"2018-08-27 15:15:58"
0,502,5,497,"2018-08-27 15:30:57"
0,467,7,460,"2018-08-27 15:45:58"
0,387,5,382,"2018-08-27 16:00:58"
0,510,5,505,"2018-08-27 16:15:58"
0,442,3,439,"2018-08-27 16:30:59"
0,453,3,450,"2018-08-27 16:45:58"
0,434,4,430,"2018-08-27 17:00:57"
0,561,4,557,"2018-08-27 17:15:58"
0,574,5,569,"2018-08-27 17:30:58"
0,691,3,688,"2018-08-27 17:45:58"
0,624,6,618,"2018-08-27 18:00:58"
0,863,9,854,"2018-08-27 18:15:58"
0,825,12,813,"2018-08-27 18:30:58"
0,782,5,777,"2018-08-27 18:45:58"
0,701,10,691,"2018-08-27 19:00:58"
0,745,4,741,"2018-08-27 19:15:58"
0,673,4,669,"2018-08-27 19:30:58"
0,626,2,624,"2018-08-27 19:45:57"
0,592,7,585,"2018-08-27 20:00:58"
0,627,6,621,"2018-08-27 20:15:57"
0,584,0,584,"2018-08-27 20:30:58"
0,494,6,488,"2018-08-27 20:45:57"
0,498,3,495,"2018-08-27 21:00:58"
0,454,6,448,"2018-08-27 21:15:57"
0,417,4,413,"2018-08-27 21:30:57"
0,332,2,330,"2018-08-27 21:45:58"
0,305,3,302,"2018-08-27 22:00:58"
0,342,3,339,"2018-08-27 22:15:57"
0,287,2,285,"2018-08-27 22:30:57"
0,248,1,247,"2018-08-27 22:45:57"
0,260,5,255,"2018-08-27 23:00:57"
0,250,6,244,"2018-08-27 23:15:57"
0,240,7,233,"2018-08-27 23:30:57"
0,220,2,218,"2018-08-27 23:45:58"
0,216,2,214,"2018-08-28 00:00:58"
0,238,0,238,"2018-08-28 00:15:58"
0,198,2,196,"2018-08-28 00:30:57"
0,183,0,183,"2018-08-28 00:45:57"
0,169,2,167,"2018-08-28 01:00:57"
0,157,3,154,"2018-08-28 01:15:57"
0,137,0,137,"2018-08-28 01:30:57"
0,123,3,120,"2018-08-28 01:45:57"
0,103,2,101,"2018-08-28 02:00:57"
0,40,2,38,"2018-08-28 02:15:57"
0,25,1,24,"2018-08-28 02:30:57"
0,22,1,21,"2018-08-28 02:45:57"
0,22,1,21,"2018-08-28 03:00:57"
0,20,0,20,"2018-08-28 03:15:57"
0,19,0,19,"2018-08-28 03:30:57"
0,17,0,17,"2018-08-28 03:45:56"
0,17,0,17,"2018-08-28 04:00:57"
0,17,0,17,"2018-08-28 04:15:57"
0,17,0,17,"2018-08-28 04:34:19"
0,17,0,17,"2018-08-28 04:45:56"
0,25,0,25,"2018-08-28 05:00:57"
0,45,0,45,"2018-08-28 05:15:58"
0,52,0,52,"2018-08-28 05:30:58"
0,57,0,57,"2018-08-28 05:45:58"
0,50,0,50,"2018-08-28 06:00:58"
0,68,0,68,"2018-08-28 06:15:58"
0,120,0,120,"2018-08-28 06:30:59"
0,179,0,179,"2018-08-28 06:45:58"
0,136,1,135,"2018-08-28 07:00:58"
0,235,3,232,"2018-08-28 07:15:58"
0,390,3,387,"2018-08-28 07:30:58"
0,707,5,702,"2018-08-28 07:45:58"
0,620,7,613,"2018-08-28 08:00:58"
0,598,13,585,"2018-08-28 08:15:58"
0,663,20,643,"2018-08-28 08:30:58"
0,806,20,786,"2018-08-28 08:45:58"
0,646,16,630,"2018-08-28 09:00:58"
0,516,9,507,"2018-08-28 09:15:58"
0,476,10,466,"2018-08-28 09:30:58"
0,449,6,443,"2018-08-28 09:45:57"
0,307,4,303,"2018-08-28 10:00:58"
0,307,10,297,"2018-08-28 10:15:58"
0,320,8,312,"2018-08-28 10:30:58"
0,329,3,326,"2018-08-28 10:45:57"
0,297,3,294,"2018-08-28 11:00:58"
0,305,1,304,"2018-08-28 11:15:57"
0,314,3,311,"2018-08-28 11:30:58"
0,349,3,346,"2018-08-28 11:45:58"
0,272,3,269,"2018-08-28 12:00:58"
0,320,2,318,"2018-08-28 12:15:57"
0,300,4,296,"2018-08-28 12:30:58"
0,326,5,321,"2018-08-28 12:45:57"
0,346,8,338,"2018-08-28 13:00:58"
0,404,10,394,"2018-08-28 13:15:57"
0,387,9,378,"2018-08-28 13:30:58"
0,424,7,417,"2018-08-28 13:45:57"
0,398,5,393,"2018-08-28 14:00:58"
0,469,4,465,"2018-08-28 14:15:57"
0,454,7,447,"2018-08-28 14:30:58"
0,444,9,435,"2018-08-28 14:45:57"
0,406,5,401,"2018-08-28 15:00:58"
0,648,10,638,"2018-08-28 15:15:57"
0,544,9,535,"2018-08-28 15:30:57"
0,517,8,509,"2018-08-28 15:45:57"
0,446,7,439,"2018-08-28 16:00:57"
0,484,7,477,"2018-08-28 16:15:57"
0,416,6,410,"2018-08-28 16:30:58"
0,486,9,477,"2018-08-28 16:45:57"
0,465,7,458,"2018-08-28 17:00:57"
0,594,12,582,"2018-08-28 17:15:57"
0,601,8,593,"2018-08-28 17:30:57"
0,705,12,693,"2018-08-28 17:45:57"
0,687,14,673,"2018-08-28 18:00:57"
0,912,16,896,"2018-08-28 18:15:57"
0,859,14,845,"2018-08-28 18:30:57"
0,841,12,829,"2018-08-28 18:45:57"
0,781,12,769,"2018-08-28 19:00:57"
0,802,12,790,"2018-08-28 19:15:57"
0,753,11,742,"2018-08-28 19:30:57"
0,713,12,701,"2018-08-28 19:45:58"
0,648,7,641,"2018-08-28 20:00:57"
0,663,10,653,"2018-08-28 20:15:57"
0,637,9,628,"2018-08-28 20:30:57"
0,596,8,588,"2018-08-28 20:45:58"
0,544,12,532,"2018-08-28 21:00:57"
0,572,12,560,"2018-08-28 21:15:57"
0,475,9,466,"2018-08-28 21:30:57"
0,423,6,417,"2018-08-28 21:45:57"
0,359,4,355,"2018-08-28 22:00:58"
0,384,5,379,"2018-08-28 22:15:57"
0,324,4,320,"2018-08-28 22:30:57"
0,303,4,299,"2018-08-28 22:45:57"
0,249,4,245,"2018-08-28 23:00:57"
0,307,8,299,"2018-08-28 23:15:57"
0,288,7,281,"2018-08-28 23:30:56"
0,311,5,306,"2018-08-28 23:45:57"
0,282,3,279,"2018-08-29 00:00:57"
0,276,6,270,"2018-08-29 00:15:57"
0,268,6,262,"2018-08-29 00:30:56"
0,219,5,214,"2018-08-29 00:45:57"
0,184,6,178,"2018-08-29 01:00:56"
0,163,4,159,"2018-08-29 01:15:58"
0,156,5,151,"2018-08-29 01:30:56"
0,138,5,133,"2018-08-29 01:45:57"
0,152,5,147,"2018-08-29 02:00:56"
0,55,3,52,"2018-08-29 02:15:58"
0,37,3,34,"2018-08-29 02:30:56"
0,32,3,29,"2018-08-29 02:45:57"
0,31,3,28,"2018-08-29 03:00:56"
0,30,3,27,"2018-08-29 03:15:57"
0,27,3,24,"2018-08-29 03:30:56"
0,27,3,24,"2018-08-29 03:45:56"
0,26,3,23,"2018-08-29 04:00:56"
0,26,3,23,"2018-08-29 04:15:57"
0,26,3,23,"2018-08-29 04:34:31"
0,26,3,23,"2018-08-29 04:45:56"
0,34,3,31,"2018-08-29 05:00:57"
0,43,3,40,"2018-08-29 05:15:58"
0,52,3,49,"2018-08-29 05:30:58"
0,68,3,65,"2018-08-29 05:45:58"
0,60,3,57,"2018-08-29 06:00:58"
0,74,3,71,"2018-08-29 06:15:58"
0,127,5,122,"2018-08-29 06:30:58"
0,172,5,167,"2018-08-29 06:45:59"
0,161,3,158,"2018-08-29 07:00:58"
0,239,6,233,"2018-08-29 07:15:58"
0,388,5,383,"2018-08-29 07:30:58"
0,688,6,682,"2018-08-29 07:45:58"
0,636,9,627,"2018-08-29 08:00:58"
0,589,17,572,"2018-08-29 08:15:58"
0,657,24,633,"2018-08-29 08:30:58"
0,796,17,779,"2018-08-29 08:45:58"
0,616,16,600,"2018-08-29 09:00:58"
0,521,15,506,"2018-08-29 09:15:58"
0,451,12,439,"2018-08-29 09:30:58"
0,448,10,438,"2018-08-29 09:45:58"
0,347,9,338,"2018-08-29 10:00:58"
0,318,8,310,"2018-08-29 10:15:58"
0,326,8,318,"2018-08-29 10:30:57"
0,335,7,328,"2018-08-29 10:45:57"
0,288,6,282,"2018-08-29 11:00:58"
0,291,5,286,"2018-08-29 11:15:57"
0,287,4,283,"2018-08-29 11:30:58"
0,356,2,354,"2018-08-29 11:45:57"
0,312,2,310,"2018-08-29 12:00:58"
0,323,1,322,"2018-08-29 12:15:58"
0,325,2,323,"2018-08-29 12:30:57"
0,353,3,350,"2018-08-29 12:45:57"
0,311,2,309,"2018-08-29 13:00:57"
0,427,4,423,"2018-08-29 13:15:58"
0,345,6,339,"2018-08-29 13:30:57"
0,352,4,348,"2018-08-29 13:45:57"
0,380,4,376,"2018-08-29 14:00:57"
0,485,4,481,"2018-08-29 14:15:57"
0,381,7,374,"2018-08-29 14:30:57"
0,455,8,447,"2018-08-29 14:45:57"
0,366,3,363,"2018-08-29 15:00:57"
0,639,8,631,"2018-08-29 15:15:58"
0,554,8,546,"2018-08-29 15:30:57"
0,486,6,480,"2018-08-29 15:45:57"
0,383,9,374,"2018-08-29 16:00:57"
0,457,10,447,"2018-08-29 16:15:57"
0,477,7,470,"2018-08-29 16:30:58"
0,465,6,459,"2018-08-29 16:45:58"
0,424,4,420,"2018-08-29 17:00:57"
0,541,6,535,"2018-08-29 17:15:57"
0,569,4,565,"2018-08-29 17:30:57"
0,658,5,653,"2018-08-29 17:45:58"
0,646,4,642,"2018-08-29 18:00:57"
0,792,6,786,"2018-08-29 18:15:57"
0,837,15,822,"2018-08-29 18:30:57"
0,806,10,796,"2018-08-29 18:45:57"
0,765,6,759,"2018-08-29 19:00:57"
0,771,4,767,"2018-08-29 19:15:56"
0,737,7,730,"2018-08-29 19:30:57"
0,692,8,684,"2018-08-29 19:45:57"
0,611,10,601,"2018-08-29 20:00:57"
0,657,7,650,"2018-08-29 20:15:57"
0,620,5,615,"2018-08-29 20:30:57"
0,593,6,587,"2018-08-29 20:45:56"
0,517,7,510,"2018-08-29 21:00:56"
0,502,3,499,"2018-08-29 21:15:56"
0,455,3,452,"2018-08-29 21:30:56"
0,345,3,342,"2018-08-29 21:45:57"
0,299,1,298,"2018-08-29 22:00:56"
0,376,4,372,"2018-08-29 22:15:56"
0,317,5,312,"2018-08-29 22:30:57"
0,314,6,308,"2018-08-29 22:45:56"
0,256,2,254,"2018-08-29 23:00:57"
0,298,3,295,"2018-08-29 23:15:57"
0,294,5,289,"2018-08-29 23:30:57"
0,263,6,257,"2018-08-29 23:45:56"
0,247,6,241,"2018-08-30 00:00:58"
0,305,8,297,"2018-08-30 00:15:57"
0,255,8,247,"2018-08-30 00:30:56"
0,189,5,184,"2018-08-30 00:45:56"
0,183,4,179,"2018-08-30 01:00:56"
0,185,4,181,"2018-08-30 01:15:56"
0,172,3,169,"2018-08-30 01:30:56"
0,142,2,140,"2018-08-30 01:45:56"
0,153,1,152,"2018-08-30 02:00:56"
0,87,1,86,"2018-08-30 02:15:56"
0,64,1,63,"2018-08-30 02:30:56"
0,59,1,58,"2018-08-30 02:45:55"
0,54,1,53,"2018-08-30 03:00:57"
0,53,1,52,"2018-08-30 03:15:55"
0,47,1,46,"2018-08-30 03:30:56"
0,43,1,42,"2018-08-30 03:45:57"
0,42,1,41,"2018-08-30 04:00:56"
0,41,1,40,"2018-08-30 04:15:55"
0,40,1,39,"2018-08-30 04:34:21"
0,40,1,39,"2018-08-30 04:45:56"
0,39,1,38,"2018-08-30 05:00:56"
0,66,2,64,"2018-08-30 05:15:58"
0,73,1,72,"2018-08-30 05:30:57"
0,82,1,81,"2018-08-30 05:45:58"
0,87,1,86,"2018-08-30 06:00:57"
0,95,1,94,"2018-08-30 06:15:58"
0,132,2,130,"2018-08-30 06:30:57"
0,205,2,203,"2018-08-30 06:45:58"
0,188,2,186,"2018-08-30 07:00:57"
0,260,1,259,"2018-08-30 07:15:58"
0,434,3,431,"2018-08-30 07:30:57"
0,717,6,711,"2018-08-30 07:45:58"
0,667,13,654,"2018-08-30 08:00:57"
0,663,15,648,"2018-08-30 08:15:58"
0,683,13,670,"2018-08-30 08:30:57"
0,820,18,802,"2018-08-30 08:45:58"
0,644,18,626,"2018-08-30 09:00:57"
0,502,7,495,"2018-08-30 09:15:58"
0,473,3,470,"2018-08-30 09:30:57"
0,434,8,426,"2018-08-30 09:45:58"
0,348,4,344,"2018-08-30 10:00:57"
0,337,2,335,"2018-08-30 10:15:57"
0,304,4,300,"2018-08-30 10:30:58"
0,317,7,310,"2018-08-30 10:45:57"
0,275,7,268,"2018-08-30 11:00:57"
0,297,4,293,"2018-08-30 11:15:57"
0,320,2,318,"2018-08-30 11:30:57"
0,367,3,364,"2018-08-30 11:45:57"
0,309,1,308,"2018-08-30 12:00:57"
0,316,1,315,"2018-08-30 12:15:57"
0,330,4,326,"2018-08-30 12:30:58"
0,323,4,319,"2018-08-30 12:45:57"
0,335,1,334,"2018-08-30 13:00:57"
0,385,6,379,"2018-08-30 13:15:57"
0,376,2,374,"2018-08-30 13:30:57"
0,414,3,411,"2018-08-30 13:45:56"
0,375,3,372,"2018-08-30 14:00:57"
0,512,6,506,"2018-08-30 14:15:56"
0,414,8,406,"2018-08-30 14:30:57"
0,470,8,462,"2018-08-30 14:45:56"
0,399,6,393,"2018-08-30 15:00:57"
0,612,7,605,"2018-08-30 15:15:56"
0,539,6,533,"2018-08-30 15:30:57"
0,514,3,511,"2018-08-30 15:45:56"
0,455,8,447,"2018-08-30 16:00:57"
0,545,2,543,"2018-08-30 16:15:56"
0,467,6,461,"2018-08-30 16:30:58"
0,481,4,477,"2018-08-30 16:45:57"
0,451,3,448,"2018-08-30 17:00:56"
0,568,5,563,"2018-08-30 17:15:57"
0,593,6,587,"2018-08-30 17:30:56"
0,661,5,656,"2018-08-30 17:45:57"
0,619,10,609,"2018-08-30 18:00:56"
0,830,10,820,"2018-08-30 18:15:57"
0,873,7,866,"2018-08-30 18:30:56"
0,769,7,762,"2018-08-30 18:45:56"
0,719,5,714,"2018-08-30 19:00:56"
0,807,4,803,"2018-08-30 19:15:57"
0,723,5,718,"2018-08-30 19:30:56"
0,750,4,746,"2018-08-30 19:45:57"
0,643,4,639,"2018-08-30 20:00:57"
0,637,5,632,"2018-08-30 20:15:56"
0,536,3,533,"2018-08-30 20:30:57"
0,550,1,549,"2018-08-30 20:45:56"
0,482,1,481,"2018-08-30 21:00:57"
0,493,6,487,"2018-08-30 21:15:56"
0,445,6,439,"2018-08-30 21:30:57"
0,379,3,376,"2018-08-30 21:45:56"
0,303,3,300,"2018-08-30 22:00:56"
0,357,7,350,"2018-08-30 22:15:56"
0,294,2,292,"2018-08-30 22:30:56"
0,257,2,255,"2018-08-30 22:45:56"
0,228,3,225,"2018-08-30 23:00:56"
0,215,2,213,"2018-08-30 23:15:57"
0,180,0,180,"2018-08-30 23:30:56"
0,161,1,160,"2018-08-30 23:45:55"
0,134,0,134,"2018-08-31 00:00:56"
0,195,1,194,"2018-08-31 00:15:56"
0,199,4,195,"2018-08-31 00:30:56"
0,197,2,195,"2018-08-31 00:45:56"
0,166,2,164,"2018-08-31 01:00:56"
0,152,1,151,"2018-08-31 01:15:56"
0,148,4,144,"2018-08-31 01:30:56"
0,129,1,128,"2018-08-31 01:45:55"
0,132,1,131,"2018-08-31 02:00:56"
0,90,1,89,"2018-08-31 02:15:55"
0,92,1,91,"2018-08-31 02:30:56"
0,70,2,68,"2018-08-31 02:45:56"
0,79,1,78,"2018-08-31 03:00:55"
0,48,0,48,"2018-08-31 03:15:56"
0,39,0,39,"2018-08-31 03:30:55"
0,36,0,36,"2018-08-31 03:45:56"
0,25,0,25,"2018-08-31 04:00:55"
0,24,0,24,"2018-08-31 04:15:56"
0,19,0,19,"2018-08-31 04:34:41"
0,19,0,19,"2018-08-31 04:45:55"
0,21,0,21,"2018-08-31 05:00:56"
0,29,0,29,"2018-08-31 05:15:57"
0,29,1,28,"2018-08-31 05:30:57"
0,42,0,42,"2018-08-31 05:45:58"
0,26,0,26,"2018-08-31 06:00:57"
0,27,0,27,"2018-08-31 06:15:57"
0,55,1,54,"2018-08-31 06:30:57"
0,84,0,84,"2018-08-31 06:45:56"
0,82,0,82,"2018-08-31 07:00:57"
0,137,1,136,"2018-08-31 07:15:57"
0,206,2,204,"2018-08-31 07:30:57"
0,454,5,449,"2018-08-31 07:45:57"
0,162,5,157,"2018-08-31 08:00:56"
0,74,1,73,"2018-08-31 08:15:57"
0,112,3,109,"2018-08-31 08:30:57"
0,255,5,250,"2018-08-31 08:45:57"
0,306,5,301,"2018-08-31 09:00:58"
0,309,3,306,"2018-08-31 09:15:57"
0,294,6,288,"2018-08-31 09:30:57"
0,285,3,282,"2018-08-31 09:45:57"
0,129,3,126,"2018-08-31 10:00:57"
0,176,1,175,"2018-08-31 10:15:57"
0,208,1,207,"2018-08-31 10:30:57"
0,243,2,241,"2018-08-31 10:45:57"
0,215,3,212,"2018-08-31 11:00:57"
0,219,2,217,"2018-08-31 11:15:57"
0,250,2,248,"2018-08-31 11:30:56"
0,274,0,274,"2018-08-31 11:45:57"
0,227,1,226,"2018-08-31 12:00:57"
0,280,1,279,"2018-08-31 12:15:57"
0,309,1,308,"2018-08-31 12:30:57"
0,291,1,290,"2018-08-31 12:45:56"
0,314,1,313,"2018-08-31 13:00:57"
0,339,2,337,"2018-08-31 13:15:57"
0,360,2,358,"2018-08-31 13:30:56"
0,403,1,402,"2018-08-31 13:45:56"
0,370,4,366,"2018-08-31 14:00:59"
0,502,3,499,"2018-08-31 14:15:56"
0,491,7,484,"2018-08-31 14:30:56"
0,503,5,498,"2018-08-31 14:45:56"
0,512,4,508,"2018-08-31 15:00:56"
0,724,7,717,"2018-08-31 15:15:56"
0,582,4,578,"2018-08-31 15:30:56"
0,527,9,518,"2018-08-31 15:45:57"
0,461,4,457,"2018-08-31 16:00:56"
0,542,9,533,"2018-08-31 16:15:56"
0,531,12,519,"2018-08-31 16:30:57"
0,548,4,544,"2018-08-31 16:45:56"
0,489,6,483,"2018-08-31 17:00:56"
0,567,7,560,"2018-08-31 17:15:56"
0,615,6,609,"2018-08-31 17:30:56"
0,613,5,608,"2018-08-31 17:45:56"
0,562,3,559,"2018-08-31 18:00:56"
0,664,7,657,"2018-08-31 18:15:55"
0,650,11,639,"2018-08-31 18:30:56"
0,605,6,599,"2018-08-31 18:45:56"
0,572,3,569,"2018-08-31 19:00:57"
0,670,2,668,"2018-08-31 19:15:56"
0,591,6,585,"2018-08-31 19:30:56"
0,585,8,577,"2018-08-31 19:45:56"
0,526,4,522,"2018-08-31 20:00:56"
0,571,5,566,"2018-08-31 20:15:56"
0,586,2,584,"2018-08-31 20:30:56"
0,556,3,553,"2018-08-31 20:45:55"
0,505,3,502,"2018-08-31 21:00:56"
0,488,2,486,"2018-08-31 21:15:56"
0,429,4,425,"2018-08-31 21:30:56"
0,401,4,397,"2018-08-31 21:45:56"
0,359,4,355,"2018-08-31 22:00:56"
0,356,3,353,"2018-08-31 22:15:55"
0,290,6,284,"2018-08-31 22:30:56"
0,255,3,252,"2018-08-31 22:45:55"
0,257,5,252,"2018-08-31 23:00:56"
0,312,4,308,"2018-08-31 23:15:56"
0,311,2,309,"2018-08-31 23:30:55"
0,274,5,269,"2018-08-31 23:45:56"
